1.433330 -1.760150  6.396559 -0.855681 0.008064 0.075981 0.190569 0.978696
1.466670 -1.468133  6.765199 -1.031593 0.005775 0.087057 0.193045 0.977303
1.500000 -0.999772  7.143809 -1.204653 0.003336 0.099557 0.194046 0.975922
1.533330 -1.008322  7.414068 -1.249521 0.002217 0.102814 0.197312 0.974932
1.566670 -0.985629  7.713520 -1.275605 0.002727 0.103194 0.202011 0.973928
1.600000 -1.066835  7.948737 -1.264523 0.000983 0.101934 0.206694 0.973081
1.633330 -1.210490  8.175166 -1.212119 -0.001267  0.100964  0.211487  0.972151
1.666670 -1.261060  8.386809 -1.151620 -0.002757  0.100040  0.217425  0.970933
1.700000 -1.315690  8.550064 -1.091397 -0.004560  0.099123  0.222192  0.969941
1.733330 -1.381821  8.738955 -1.012208 -0.006612  0.097929  0.227788  0.968751
1.766670 -1.448455  8.926527 -0.924241 -0.008555  0.096566  0.233260  0.967570
1.800000 -1.507989  9.085809 -0.842536 -0.010244  0.095345  0.238055  0.966506
1.833330 -1.582123  9.269841 -0.740841 -0.012127  0.093859  0.243886  0.965175
1.866670 -1.656450  9.452857 -0.633452 -0.013812  0.092178  0.249490  0.963881
1.900000 -1.723694  9.608018 -0.537669 -0.015276  0.090680  0.254368  0.962726
1.933330 -1.851316  9.783810 -0.427197 -0.016261  0.089349  0.260047  0.961316
1.966670 -1.927559  9.962297 -0.309607 -0.017967  0.087379  0.265450  0.959989
2.000000 -1.993675 10.114282 -0.208003 -0.019398  0.085489  0.270178  0.958811
2.033330 -2.172630 10.277339 -0.095794 -0.019964  0.084149  0.276144  0.957217
2.066670 -2.318300 10.452295  0.008686 -0.021382  0.083488  0.280871  0.955868
2.100000 -2.326414 10.618436  0.091657 -0.023350  0.082717  0.284203  0.954904
2.133330 -2.292111 10.818661  0.190605 -0.024176  0.081186  0.289767  0.953341
2.166670 -2.371595 10.992173  0.296793 -0.025322  0.078359  0.294886  0.951977
2.200000 -2.443457 11.139345  0.382890 -0.026308  0.076016  0.299429  0.950722
2.233330 -2.528934 11.309980  0.476627 -0.027335  0.073177  0.304674  0.949248
2.266670 -2.616151 11.479502  0.562155 -0.028269  0.070248  0.309897  0.947750
2.300000 -2.692333 11.623982  0.628243 -0.028994  0.067668  0.314358  0.946446
2.333330 -2.782833 11.791477  0.696131 -0.029751  0.064583  0.319539  0.944901
2.366670 -2.875125 11.957893  0.753444 -0.030410  0.061422  0.324698  0.943331
2.400000 -2.956492 12.099418  0.793713 -0.031026  0.058783  0.329132  0.941942
2.433330 -3.052150 12.263826  0.829910 -0.031499  0.055492  0.334249  0.940322
2.466670 -3.183003 12.417615  0.854127 -0.031428  0.052287  0.340008  0.938442
2.500000 -3.334150 12.544065  0.867248 -0.031181  0.050326  0.344358  0.936970
2.533330 -3.255482 12.858911  0.873966 -0.033007  0.046640  0.350318  0.934886
2.566670 -3.575786 12.941554  0.862153 -0.030928  0.041285  0.355677  0.933184
2.600000 -3.622253 13.184618  0.816008 -0.038109  0.035872  0.359906  0.931519
2.633330 -3.728590 13.347619  0.785188 -0.037650  0.032252  0.364939  0.929711
2.666670 -3.868193 13.501886  0.740560 -0.035874  0.028838  0.370766  0.927585
2.700000 -3.990738 13.676664  0.664189 -0.037484  0.025244  0.375132  0.925869
2.733330 -4.102925 13.836478  0.602260 -0.037022  0.021543  0.380035  0.923980
2.766670 -4.205367 14.001866  0.525396 -0.036788  0.018161  0.384578  0.922180
2.800000 -4.292846 14.139399  0.455438 -0.036082  0.014985  0.388674  0.920546
2.833330 -4.418094 14.286451  0.380179 -0.034214  0.011249  0.393146  0.918770
2.866670 -4.532286 14.446665  0.295410 -0.033294  0.007764  0.397833  0.916821
2.900000 -4.639036 14.567103  0.235018 -0.031322  0.004822  0.401488  0.915316
2.933330 -4.760380 14.718121  0.137660 -0.030195  0.000936  0.406317  0.913233
2.966670 -4.892941 14.852535  0.042487 -0.028875 -0.002927  0.410890  0.911223
3.000000 -5.000059 14.978357 -0.043929 -0.027699 -0.006137  0.415086  0.909340
3.033330 -5.127200 15.117629 -0.142723 -0.026263 -0.009876  0.419762  0.907200
3.066670 -5.254321 15.260688 -0.242212 -0.024891 -0.013424  0.424497  0.904988
3.100000 -5.363122 15.378429 -0.322130 -0.023306 -0.016346  0.428509  0.903089
3.133330 -5.495841 15.512371 -0.405258 -0.020689 -0.019152  0.433042  0.900933
3.166670 -5.627650 15.647105 -0.488838 -0.018375 -0.022219  0.437664  0.898676
3.200000 -5.752705 15.759253 -0.547978 -0.015836 -0.024670  0.441558  0.896754
3.233330 -5.892106 15.888120 -0.617095 -0.013123 -0.027480  0.446174  0.894428
3.266660 -6.028081 16.017759 -0.681701 -0.011019 -0.030578  0.450811  0.892027
3.300000 -6.144265 16.126307 -0.731498 -0.009303 -0.033410  0.454776  0.889930
3.333330 -6.288230 16.246469 -0.777959 -0.006927 -0.036207  0.459389  0.887470
3.366660 -6.431922 16.361126 -0.815941 -0.004879 -0.038509  0.464099  0.884932
3.400000 -6.566419 16.447710 -0.842212 -0.003737 -0.040417  0.468144  0.882719
3.433330 -6.723229 16.541841 -0.866352 -0.002343 -0.042386  0.472849  0.880120
3.466660 -6.863503 16.647768 -0.880945 -0.000737 -0.044249  0.477579  0.877474
3.500000 -6.989560 16.732890 -0.881284  0.000690 -0.046532  0.481564  0.875175
3.533330 -7.139068 16.824661 -0.875780  0.001907 -0.048866  0.486239  0.872456
3.566660 -7.275531 16.933488 -0.855463  0.003902 -0.050821  0.490879  0.869736
3.600000 -7.397428 17.019664 -0.822553  0.006144 -0.053030  0.494785  0.867374
3.633330 -7.542789 17.114257 -0.779870  0.007951 -0.055572  0.499387  0.864558
3.666660 -7.686977 17.208103 -0.725786  0.009833 -0.057948  0.503971  0.861718
3.700000 -7.802320 17.296147 -0.679376  0.011121 -0.059290  0.508029  0.859225
3.733330 -7.944633 17.382494 -0.616814  0.012084 -0.061564  0.512666  0.856293
3.766660 -8.088089 17.466822 -0.547075  0.013051 -0.063778  0.517282  0.853335
3.800000 -8.211284 17.536339 -0.484576  0.013787 -0.065619  0.521258  0.850761
3.833330 -8.355745 17.616795 -0.403526  0.014967 -0.067688  0.525874  0.847733
3.866660 -8.501537 17.697606 -0.313097  0.016552 -0.069622  0.530443  0.844695
3.900000 -8.625698 17.764753 -0.238749  0.017425 -0.071309  0.534415  0.842029
3.933330 -8.756988 17.877206 -0.145557  0.018424 -0.072412  0.539037  0.838962
3.966660 -8.902144 17.963701 -0.046413  0.019832 -0.074178  0.543590  0.835832
4.000000 -9.026444 18.036133  0.036999  0.020920 -0.075669  0.547519  0.833102
4.033330 -9.173214 18.116573  0.136490  0.022518 -0.077234  0.552074  0.829905
4.066660 -9.323425 18.192052  0.221866  0.023368 -0.079223  0.556679  0.826611
4.100000 -9.450105 18.258881  0.291350  0.023975 -0.080854  0.560652  0.823746
4.133330 -9.600031 18.334348  0.374173  0.025167 -0.082494  0.565241  0.820405
4.166660 -9.743532 18.448104  0.445029  0.025339 -0.083970  0.569796  0.817092
4.200000 -9.875066 18.511974  0.513862  0.026847 -0.084980  0.573697  0.814205
4.233330 -10.030368  18.581047   0.590033  0.028838 -0.085953  0.578209  0.810836
4.266660 -10.191082  18.642959   0.649606  0.030481 -0.087361  0.582742  0.807372
4.300000 -10.325809  18.699423   0.692855  0.031808 -0.088377  0.586636  0.804385
4.333330 -10.482818  18.762456   0.738662  0.033642 -0.089205  0.591141  0.800914
4.366660 -10.642749  18.820474   0.771668  0.035470 -0.090112  0.595630  0.797400
4.400000 -10.774309  18.888065   0.789820  0.037237 -0.090190  0.599354  0.794515
4.433330 -10.927814  18.952589   0.806800  0.039161 -0.090070  0.603869  0.791009
4.466660 -11.083519  19.003904   0.808315  0.041046 -0.090362  0.608348  0.787440
4.500000 -11.213096  19.047610   0.800399  0.042712 -0.090388  0.612181  0.784372
4.533330 -11.359696  19.095067   0.777988  0.044717 -0.090425  0.616632  0.780761
4.566660 -11.507143  19.143756   0.749349  0.046858 -0.090246  0.621042  0.777153
4.600000 -11.638893  19.188213   0.724650  0.048575 -0.089310  0.624798  0.774139
4.633330 -11.786628  19.204183   0.681432  0.052027 -0.088219  0.629049  0.770589
4.666660 -11.940351  19.251065   0.631147  0.053756 -0.086867  0.633444  0.767016
4.700000 -12.054012  19.304743   0.574775  0.055314 -0.085486  0.637149  0.763986
4.733330 -12.197383  19.343072   0.507355  0.057607 -0.083758  0.641476  0.760378
4.766660 -12.347029  19.382183   0.435096  0.059716 -0.081986  0.645770  0.756765
4.800000 -12.475452  19.365610   0.378558  0.063021 -0.079670  0.649303  0.753715
4.833330 -12.629181  19.401391   0.287436  0.064366 -0.077843  0.653623  0.750049
4.866660 -12.773132  19.447662   0.192509  0.065832 -0.075249  0.657895  0.746444
4.900000 -12.893660  19.481960   0.110349  0.067366 -0.072653  0.661516  0.743357
4.933330 -13.046847  19.508162   0.013103  0.068990 -0.070106  0.665729  0.739683
4.966660 -13.212760  19.462898  -0.074621  0.072045 -0.067135  0.669858  0.735930
5.000000 -13.345465  19.482542  -0.166990  0.072799 -0.065222  0.673485  0.732710
5.033330 -13.493121  19.516322  -0.275024  0.073639 -0.062315  0.677694  0.728989
5.066660 -13.653154  19.540032  -0.372121  0.074806 -0.059569  0.681817  0.725246
5.100000 -13.787427  19.553067  -0.455323  0.075741 -0.057261  0.685353  0.721994
5.133330 -13.959659  19.496166  -0.536558  0.078004 -0.053871  0.689451  0.718102
5.166660 -14.117370  19.508672  -0.628990  0.078262 -0.051309  0.693540  0.714315
5.200000 -14.256314  19.529928  -0.698531  0.078861 -0.048577  0.697043  0.711022
5.233330 -14.416259  19.534370  -0.773686  0.079472 -0.045720  0.701081  0.707163
5.266660 -14.575777  19.541811  -0.843239  0.079905 -0.043142  0.705102  0.703268
5.300000 -14.709318  19.547077  -0.896616  0.080204 -0.040782  0.708529  0.699922
5.333330 -14.882134  19.474550  -0.937313  0.081579 -0.037381  0.712574  0.695834
5.366660 -15.039383  19.469330  -0.982716  0.081226 -0.034509  0.716509  0.691972
5.400000 -15.178506  19.481641  -1.007625  0.081091 -0.031779  0.719903  0.688589
5.433330 -15.341290  19.479076  -1.022862  0.081188 -0.028628  0.723791  0.684628
5.466660 -15.497833  19.477511  -1.031893  0.081051 -0.025828  0.727661  0.680642
5.500000 -15.636448  19.467048  -1.026244  0.080832 -0.023296  0.730957  0.677219
5.533330 -15.806573  19.391786  -1.001652  0.081244 -0.019797  0.734937  0.672959
5.566660 -15.968115  19.390477  -0.976362  0.080524 -0.016551  0.738739  0.668960
5.600000 -16.112535  19.362481  -0.937567  0.079965 -0.013843  0.741971  0.665502
5.633330 -16.270953  19.341191  -0.892023  0.078934 -0.010942  0.745713  0.661485
5.666660 -16.435260  19.297062  -0.838568  0.078226 -0.007610  0.749534  0.657284
5.700000 -16.584549  19.255050  -0.769842  0.077236 -0.004742  0.752702  0.653798
5.733330 -16.741026  19.220365  -0.695622  0.075663 -0.001781  0.756334  0.649793
5.766660 -16.912227  19.199415  -0.624037 0.074279 0.001012 0.760083 0.645566
5.800000 -17.055073  19.149784  -0.537197 0.072945 0.003591 0.763151 0.642080
5.833330 -17.226466  19.103594  -0.433405 0.071446 0.006629 0.766765 0.637905
5.866660 -17.391460  19.067929  -0.341726 0.069515 0.009239 0.770346 0.633758
5.900000 -17.532656  19.022759  -0.245620 0.067877 0.011841 0.773358 0.630214
5.933330 -17.697245  18.974942  -0.141036 0.065810 0.014546 0.776854 0.626064
5.966660 -17.861474  18.941533  -0.034591 0.063676 0.017317 0.780294 0.621922
6.000000 -17.993459  18.880457   0.063837 0.061905 0.019456 0.783183 0.618396
6.033330 -18.148827  18.822406   0.177621 0.059404 0.022142 0.786576 0.614230
6.066660 -18.319803  18.791760   0.275635 0.057057 0.024771 0.790015 0.609923
6.100000 -18.452857  18.737894   0.369451 0.054723 0.027061 0.792905 0.606279
6.133330 -18.612927  18.673544   0.473079 0.052702 0.029347 0.796256 0.601945
6.166660 -18.774609  18.618667   0.570181 0.050525 0.031565 0.799564 0.597619
6.200000 -18.907471  18.559812   0.651633 0.048071 0.033578 0.802341 0.593978
6.233330 -19.061810  18.484170   0.740106 0.045396 0.035826 0.805607 0.589621
6.266660 -19.227345  18.420108   0.815549 0.043214 0.037589 0.808860 0.585206
6.300000 -19.359982  18.355419   0.876915 0.040567 0.039439 0.811582 0.581492
6.333330 -19.514488  18.277979   0.939399 0.037465 0.041482 0.814708 0.577171
6.366660 -19.673760  18.202073   0.989185 0.035199 0.043125 0.817840 0.572746
6.400000 -19.806032  18.131996   1.024822 0.032454 0.044729 0.820475 0.569005
6.433330 -19.960050  18.048130   1.055707 0.029212 0.046514 0.823521 0.564620
6.466660 -20.113734  17.962005   1.074758 0.025931 0.048203 0.826538 0.560213
6.500000 -20.244747  17.884923   1.081231 0.023138 0.049600 0.829159 0.556326
6.533330 -20.397723  17.794494   1.077870 0.019740 0.051142 0.832138 0.551852
6.566660 -20.550364  17.701948   1.062500 0.016403 0.052521 0.835064 0.547394
6.600000 -20.687256  17.629832   1.036563 0.013664 0.053602 0.837599 0.543477
6.633330 -20.839534  17.533489   0.999377 0.010250 0.054824 0.840492 0.538945
6.666660 -20.991344  17.434880   0.951167 0.006893 0.055889 0.843349 0.534408
6.700000 -21.121181  17.348638   0.901518 0.003947 0.056760 0.845786 0.530480
6.733330 -21.275589  17.255453   0.831173 0.000604 0.057616 0.848590 0.525903
6.766660 -21.426149  17.150796   0.755082 -0.002731  0.058359  0.851374  0.521296
6.799990 -21.554837  17.059454   0.683453 -0.005652  0.058953  0.853745  0.517313
6.833330 -21.704423  16.950805   0.593320 -0.009043  0.059545  0.856485  0.512646
6.866660 -21.852711  16.844682   0.495865 -0.012471  0.060049  0.859182  0.507981
6.899990 -21.979804  16.747945   0.409522 -0.015331  0.060367  0.861496  0.503930
6.933330 -22.123215  16.639611   0.303270 -0.018912  0.060623  0.864130  0.499245
6.966660 -22.269850  16.522591   0.196562 -0.022305  0.060860  0.866785  0.494452
6.999990 -22.390614  16.420740   0.105206 -0.025437  0.060804  0.868983  0.490433
7.033330 -22.535454  16.299590  -0.002562 -0.028632  0.060747  0.871578  0.485635
7.066660 -22.675089  16.181816  -0.109822 -0.032081  0.060457  0.874115  0.480873
7.099990 -22.797510  16.074339  -0.199087 -0.034731  0.060225  0.876301  0.476720
7.133330 -22.933489  15.956652  -0.302496 -0.038123  0.059825  0.878795  0.471897
7.166660 -23.070221  15.830699  -0.398664 -0.041264  0.059282  0.881276  0.467050
7.199990 -23.186065  15.749043  -0.483335 -0.044399  0.058615  0.883331  0.462946
7.233330 -23.324248  15.616443  -0.567247 -0.047168  0.057872  0.885823  0.457977
7.266660 -23.461450  15.481629  -0.643060 -0.049897  0.057079  0.888272  0.453017
7.299990 -23.574901  15.368255  -0.702590 -0.052288  0.056448  0.890329  0.448770
7.333330 -23.700146  15.237979  -0.763109 -0.055273  0.055518  0.892669  0.443853
7.366660 -23.830249  15.102636  -0.812087 -0.057928  0.054448  0.895027  0.438869
7.399990 -23.940749  14.985779  -0.845804 -0.060153  0.053470  0.897033  0.434574
7.433330 -24.066496  14.880984  -0.881697 -0.063124  0.052106  0.899267  0.429674
7.466660 -24.194920  14.733955  -0.897708 -0.065214  0.050711  0.901613  0.424582
7.499990 -24.300851  14.611905  -0.903134 -0.067272  0.049633  0.903541  0.420267
7.533330 -24.428193  14.462399  -0.896603 -0.069291  0.048122  0.905830  0.415157
7.566660 -24.553557  14.320884  -0.880774 -0.071350  0.046624  0.908064  0.410068
7.599990 -24.658846  14.191827  -0.856429 -0.072981  0.045254  0.909974  0.405676
7.633330 -24.782450  14.040507  -0.817571 -0.074749  0.043557  0.912186  0.400539
7.666660 -24.908855  13.903362  -0.770759 -0.076728  0.041807  0.914332  0.395425
7.699990 -25.012576  13.767050  -0.719011 -0.077998  0.040209  0.916211  0.390969
7.733330 -25.132732  13.606534  -0.649647 -0.079336  0.038255  0.918377  0.385781
7.766660 -25.252712  13.448843  -0.572879 -0.080555  0.036316  0.920492  0.380639
7.799990 -25.354153  13.308787  -0.499519 -0.081449  0.034463  0.922312  0.376190
7.833330 -25.476477  13.166387  -0.413509 -0.082880  0.032576  0.924352  0.371002
7.866660 -25.595884  12.997513  -0.317039 -0.083636  0.030459  0.926429  0.365796
7.899990 -25.693774  12.852470  -0.229338 -0.084264  0.028550  0.928201  0.361287
7.933330 -25.807437  12.682273  -0.123692 -0.084827  0.026218  0.930236  0.356059
7.966660 -25.937491  12.532151  -0.023006 -0.085713  0.024376  0.932189  0.350832
7.999990 -26.028485  12.379241   0.070589 -0.085966  0.022379  0.933912  0.346290
8.033330 -26.138578  12.204185   0.179434 -0.086169  0.019951  0.935893  0.340999
8.066660 -26.257253  12.037017   0.284105 -0.086600  0.018090  0.937786  0.335754
8.099990 -26.348233  11.883104   0.374136 -0.086603  0.016044  0.939456  0.331156
8.133330 -26.454604  11.703378   0.475576 -0.086446  0.013565  0.941375  0.325817
8.166660 -26.559727  11.522044   0.571986 -0.086070  0.011059  0.943249  0.320549
8.200000 -26.648518  11.377921   0.649563 -0.086217  0.009654  0.944777  0.316021
8.233330 -26.750242  11.193494   0.733728 -0.085693  0.007200  0.946625  0.310655
8.266660 -26.852256  11.008855   0.809683 -0.085021  0.004666  0.948442  0.305298
8.300000 -26.934833  10.864790   0.868236 -0.084887  0.002936  0.949905  0.300777
8.333330 -27.033258  10.677228   0.926766 -0.083955  0.000461  0.951671  0.295422
8.366660 -27.121841  10.494366   0.976296 -0.083060 -0.001948  0.953369  0.290146
8.400000 -27.202920  10.335797   1.008583 -0.082168 -0.004052  0.954819  0.285575
8.433330 -27.308130  10.163117   1.033791 -0.081676 -0.006224  0.956475  0.280083
8.466670 -27.401141   9.971121   1.049000 -0.080252 -0.008612  0.958123  0.274747
8.500000 -27.480160   9.805754   1.052438 -0.078863 -0.010701  0.959513  0.270185
8.533330 -27.559203   9.616160   1.046872 -0.077327 -0.013162  0.961081  0.264897
8.566670 -27.646996   9.427257   1.027792 -0.075831 -0.015508  0.962628  0.259533
8.600000 -27.732942   9.274266   1.000448 -0.074996 -0.017419  0.963939  0.254744
8.633340 -27.819327   9.077364   0.959597 -0.072900 -0.019685  0.965442  0.249441
8.666670 -27.895919   8.881020   0.909092 -0.070970 -0.022040  0.966899  0.244097
8.700000 -27.971781   8.726222   0.855525 -0.069744 -0.024071  0.968101  0.239453
8.733340 -28.053539   8.526984   0.784373 -0.067330 -0.026305  0.969510  0.234147
8.766670 -28.133415   8.335744   0.704662 -0.065381 -0.028669  0.970859  0.228770
8.800000 -28.201272   8.163419   0.630098 -0.063072 -0.030438  0.972014  0.224240
8.833340 -28.279494   7.967805   0.535395 -0.060748 -0.032749  0.973311  0.218867
8.866670 -28.353844   7.763494   0.436239 -0.058132 -0.034810  0.974580  0.213546
8.900010 -28.421007   7.591849   0.346889 -0.055825 -0.036484  0.975648  0.208956
8.933340 -28.494179   7.387139   0.239406 -0.052776 -0.038306  0.976864  0.203676
8.966670 -28.560577   7.190393   0.127560 -0.049933 -0.040594  0.978020  0.198331
9.000010 -28.620462   7.013669   0.032313 -0.047155 -0.042036  0.979005  0.193799
9.033340 -28.691268   6.809776  -0.080177 -0.044051 -0.043561  0.980118  0.188496
9.066670 -28.754942   6.606313  -0.190821 -0.040803 -0.045331  0.981178  0.183219
9.100010 -28.811074   6.427533  -0.282915 -0.037900 -0.046563  0.982079  0.178653
9.133340 -28.872802   6.222686  -0.387498 -0.034495 -0.047943  0.983081  0.173386
9.166680 -28.933142   6.016559  -0.486964 -0.031088 -0.049184  0.984052  0.168095
9.200010 -28.982725   5.838747  -0.567312 -0.027997 -0.050265  0.984854  0.163561
9.233340 -29.039021   5.631782  -0.654473 -0.024475 -0.051342  0.985757  0.158264
9.266680 -29.095854   5.419455  -0.733083 -0.020931 -0.052315  0.986624  0.152963
9.300010 -29.141431   5.241504  -0.793861 -0.017805 -0.053089  0.987331  0.148467
9.333340 -29.194714   5.027920  -0.855149 -0.014049 -0.053913  0.988130  0.143160
9.366680 -29.243636   4.818072  -0.905878 -0.010420 -0.054542  0.988901  0.137812
9.400010 -29.285791   4.634157  -0.940694 -0.007120 -0.055104  0.989525  0.133244
9.433350 -29.332491   4.422001  -0.970643 -0.003454 -0.055509  0.990219  0.127958
9.466680 -29.379095   4.205557  -0.988548  0.000252 -0.055919  0.990875  0.122633
9.500010 -29.417094   4.022225  -0.994582  0.003408 -0.056067  0.991407  0.118141
9.533350 -29.460383   3.804491  -0.990125  0.007203 -0.056302  0.991993  0.112822
9.566680 -29.501999   3.586021  -0.973662  0.010938 -0.056427  0.992545  0.107471
9.600010 -29.534004   3.401452  -0.950351  0.014185 -0.056179  0.993005  0.102877
9.633350 -29.572135   3.181868  -0.912350  0.017998 -0.056115  0.993487  0.097527
9.666680 -29.608575   2.961695  -0.863289  0.021709 -0.055953  0.993935  0.092148
9.700020 -29.637225   2.775083  -0.813145  0.024794 -0.055433  0.994302  0.087613
9.733350 -29.670200   2.553908  -0.745342  0.028453 -0.055074  0.994681  0.082257
9.766680 -29.701495   2.332270  -0.668631  0.032072 -0.054624  0.995028  0.076856
9.800020 -29.725903   2.143381  -0.596379  0.035068 -0.053983  0.995302  0.072313
9.833350 -29.753704   1.920895  -0.505635  0.038586 -0.053341  0.995584  0.066924
9.866680 -29.779872   1.697997  -0.408927  0.042067 -0.052613  0.995831  0.061498
9.900020 -29.800718   1.506580  -0.322143  0.044984 -0.051910  0.996017  0.056849
9.933350 -29.821604   1.284791  -0.217693  0.048486 -0.050661  0.996210  0.051467
9.966690 -29.843622   1.061627  -0.110850  0.051797 -0.049572  0.996364  0.046024
10.000000 -29.860060   0.869456  -0.018077  0.054573 -0.048639  0.996467  0.041349
10.033400 -29.874175   0.650075   0.091028  0.057701 -0.047263  0.996568  0.035909
10.066700 -29.890523   0.428341   0.198146  0.060728 -0.045974  0.996631  0.030426
10.100000 -29.901552   0.237750   0.288154  0.063305 -0.044830  0.996655  0.025720
10.133400 -29.910597   0.019668   0.390359  0.066184 -0.043274  0.996663  0.020268
10.166700 -29.921874  -0.201876   0.486654  0.068947 -0.041740  0.996638  0.014752
10.200000 -29.928395  -0.392439   0.564572  0.071305 -0.040396  0.996586  0.010025
10.233400 -29.935015  -0.614720   0.648753  0.073938 -0.038756  0.996499  0.004495
10.266700 -29.936588  -0.836244   0.724734  0.076610 -0.036836  0.996380 -0.000971
10.300000 -29.939531  -1.028123   0.782441  0.078724 -0.035327  0.996254 -0.005715
10.333400 -29.941416  -1.251919   0.840673  0.081042 -0.033517  0.996083 -0.011282
10.366700 -29.942719  -1.471828   0.888935  0.083172 -0.031604  0.995891 -0.016858
10.400000 -29.937352  -1.653832   0.922900  0.084992 -0.029705  0.995705 -0.021574
10.433400 -29.933476  -1.876540   0.950054  0.086998 -0.027759  0.995451 -0.027163
10.466700 -29.929353  -2.096527   0.965612  0.088782 -0.025720  0.995180 -0.032768
10.500000 -29.922887  -2.287238   0.969141  0.090314 -0.023923  0.994917 -0.037556
10.533400 -29.911194  -2.499606   0.963794  0.091963 -0.021572  0.994596 -0.043078
10.566700 -29.902029  -2.718184   0.945216  0.093361 -0.019453  0.994250 -0.048711
10.600000 -29.891184  -2.907953   0.919449  0.094578 -0.017562  0.993923 -0.053512
10.633400 -29.874210  -3.119640   0.880693  0.095855 -0.015098  0.993528 -0.059043
10.666700 -29.860066  -3.337795   0.829698  0.096854 -0.012922  0.993110 -0.064690
10.700000 -29.845323  -3.526410   0.777179  0.097747 -0.010964  0.992721 -0.069502
10.733400 -29.822325  -3.737158   0.708827  0.098619 -0.008414  0.992256 -0.075050
10.766700 -29.803305  -3.955277   0.630285  0.099217 -0.006224  0.991768 -0.080702
10.800000 -29.784150  -4.142691   0.556093  0.099780 -0.004226  0.991318 -0.085524
10.833400 -29.755885  -4.352338   0.464936  0.100231 -0.001666  0.990783 -0.091108
10.866700 -29.731769  -4.570406   0.366422  0.100438  0.000511  0.990227 -0.096761
10.900000 -29.704538  -4.749867   0.279492  0.100605  0.002698  0.989727 -0.101545
10.933400 -29.675170  -4.966289   0.172704  0.100702  0.005028  0.989114 -0.107179
10.966700 -29.641601  -5.178475   0.064656  0.100551  0.007430  0.988489 -0.112799
11.000000 -29.613311  -5.363016  -0.029863  0.100404  0.009409  0.987924 -0.117627
11.033400 -29.575243  -5.571908  -0.139691  0.099900  0.011940  0.987266 -0.123218
11.066700 -29.539184  -5.785950  -0.248492  0.099318  0.014141  0.986578 -0.128843
11.100000 -29.506395  -5.968930  -0.339717  0.098829  0.016067  0.985956 -0.133664
11.133400 -29.463928  -6.176380  -0.441992  0.097930  0.018430  0.985230 -0.139255
11.166700 -29.422470  -6.388453  -0.539830  0.096961  0.020555  0.984473 -0.144875
11.200000 -29.385223  -6.569701  -0.618858  0.096123  0.022397  0.983796 -0.149681
11.233400 -29.337890  -6.775095  -0.703798  0.094877  0.024606  0.983000 -0.155256
11.266700 -29.290974  -6.984962  -0.781169  0.093567  0.026634  0.982171 -0.160859
11.300000 -29.249274  -7.164285  -0.840296  0.092386  0.028362  0.981439 -0.165646
11.333400 -29.197040  -7.366281  -0.899683  0.090739  0.030446  0.980581 -0.171174
11.366700 -29.144971  -7.573709  -0.949020  0.089078  0.032334  0.979684 -0.176746
11.400000 -29.098903  -7.750886  -0.982495  0.087572  0.033920  0.978896 -0.181501
11.433400 -29.043511  -7.956006  -1.010893  0.085700  0.035733  0.977957 -0.187028
11.466700 -28.986377  -8.159855  -1.027435  0.083704  0.037483  0.976991 -0.192552
11.500000 -28.934152  -8.327433  -1.031653  0.081760  0.039051  0.976163 -0.197223
11.533400 -28.873731  -8.530463  -1.025764  0.079534  0.040638  0.975155 -0.202722
11.566700 -28.811481  -8.732655  -1.007963  0.077237  0.042185  0.974117 -0.208209
11.600000 -28.756866  -8.905164  -0.983215  0.075131  0.043412  0.973215 -0.212891
11.633400 -28.691557  -9.105542  -0.943684  0.072596  0.044777  0.972138 -0.218339
11.666700 -28.623608  -9.297720  -0.893145  0.069879  0.046276  0.971042 -0.223724
11.700000 -28.564787  -9.467483  -0.841523  0.067512  0.047288  0.970079 -0.228371
11.733400 -28.494603  -9.664587  -0.772241  0.064689  0.048403  0.968928 -0.233778
11.766700 -28.421813  -9.856377  -0.693976  0.061748  0.049547  0.967766 -0.239086
11.800000 -28.358861 -10.023347  -0.620544  0.059148  0.050327  0.966740 -0.243684
11.833400 -28.283888 -10.217114  -0.528308  0.056073  0.051170  0.965514 -0.249039
11.866700 -28.205953 -10.406648  -0.429807  0.052950  0.051965  0.964280 -0.254284
11.900000 -28.138899 -10.570699  -0.341758  0.050152  0.052501  0.963187 -0.258841
11.933400 -28.059538 -10.756955  -0.235790  0.046861  0.053265  0.961872 -0.264138
11.966700 -27.978276 -10.946407  -0.127729  0.043646  0.053809  0.960536 -0.269390
12.000000 -27.907878 -11.104786  -0.033993  0.040659  0.054270  0.959366 -0.273894
12.033400 -27.823643 -11.291143   0.075626  0.037177  0.054511  0.957978 -0.279151
12.066700 -27.737967 -11.476271   0.183897  0.033721  0.054686  0.956559 -0.284373
12.100000 -27.663279 -11.633904   0.274652  0.030722  0.054750  0.955318 -0.288835
12.133400 -27.574695 -11.816563   0.377013  0.027192  0.054728  0.953843 -0.294023
12.166700 -27.484579 -11.997865   0.474403  0.023633  0.054602  0.952336 -0.299192
12.200000 -27.403701 -12.150479   0.553347  0.020570  0.054474  0.951001 -0.303656
12.233400 -27.312327 -12.324659   0.638920  0.016907  0.054273  0.949422 -0.308814
12.266700 -27.217507 -12.499068   0.716372  0.013355  0.053891  0.947823 -0.313927
12.300100 -27.135226 -12.649440   0.775222  0.010196  0.053405  0.946424 -0.318316
12.333400 -27.037926 -12.823543   0.834774  0.006562  0.052782  0.944764 -0.323405
12.366700 -26.939163 -12.996160   0.883839  0.002930  0.052054  0.943072 -0.328477
12.400100 -26.853340 -13.142913   0.917096 -0.000179  0.051348  0.941594 -0.332812
12.433400 -26.751868 -13.312703   0.945216 -0.003797  0.050429  0.939839 -0.337855
12.466700 -26.648961 -13.480945   0.961517 -0.007398  0.049409  0.938049 -0.342883
12.500100 -26.559622 -13.623903   0.965928 -0.010468  0.048455  0.936487 -0.347180
12.533400 -26.453003 -13.785039   0.960815 -0.014049  0.047262  0.934629 -0.352189
12.566700 -26.346017 -13.948516   0.942808 -0.017554  0.045964  0.932738 -0.357183
12.600100 -26.253887 -14.085682   0.918132 -0.020587  0.044762  0.931090 -0.361446
12.633400 -26.144282 -14.246112   0.878600 -0.024077  0.043259  0.929136 -0.366410
12.666700 -26.032753 -14.403144   0.828382 -0.027462  0.041696  0.927161 -0.371321
12.700100 -25.936609 -14.537761   0.776751 -0.030346  0.040281  0.925429 -0.375551
12.733400 -25.823186 -14.693231   0.707489 -0.033654  0.038554  0.923372 -0.380479
12.766700 -25.708368 -14.846980   0.629326 -0.036905  0.036728  0.921287 -0.385382
12.800100 -25.608966 -14.977398   0.555934 -0.039654  0.035101  0.919465 -0.389588
12.833400 -25.491779 -15.127925   0.463779 -0.042792  0.033136  0.917308 -0.394484
12.866700 -25.371670 -15.275670   0.365922 -0.045744  0.031131  0.915149 -0.399300
12.900100 -25.269031 -15.401722   0.277964 -0.048284  0.029345  0.913238 -0.403490
12.933400 -25.148099 -15.547105   0.171957 -0.051182  0.027186  0.910978 -0.408362
12.966700 -25.025842 -15.690627   0.063497 -0.053983  0.024959  0.908690 -0.413214
13.000100 -24.920107 -15.812224  -0.030393 -0.056318  0.023007  0.906692 -0.417382
13.033400 -24.795222 -15.952754  -0.140175 -0.058963  0.020673  0.904323 -0.422250
13.066700 -24.669298 -16.090778  -0.248318 -0.061493  0.018286  0.901935 -0.427081
13.100100 -24.560547 -16.207789  -0.338937 -0.063587  0.016205  0.899850 -0.431236
13.133400 -24.432149 -16.339668  -0.440704 -0.066063  0.013700  0.897389 -0.436052
13.166700 -24.302663 -16.472737  -0.537742 -0.068318  0.011148  0.894898 -0.440870
13.200100 -24.191010 -16.584996  -0.616170 -0.070156  0.008956  0.892728 -0.445012
13.233400 -24.059660 -16.714155  -0.701016 -0.072192  0.006370  0.890167 -0.449834
13.266700 -23.927156 -16.841352  -0.777721 -0.074103  0.003763  0.887580 -0.454638
13.300100 -23.812701 -16.948821  -0.836281 -0.075657  0.001498  0.885330 -0.458764
13.333400 -23.678109 -17.072340  -0.895481 -0.077354 -0.001161  0.882675 -0.463572
13.366700 -23.542387 -17.193845  -0.944183 -0.078914 -0.003821  0.879996 -0.468364
13.400100 -23.426815 -17.288654  -0.977323 -0.080183 -0.005976  0.877684 -0.472446
13.433400 -23.289152 -17.406098  -1.005054 -0.081525 -0.008672  0.874942 -0.477237
13.466700 -23.151572 -17.519133  -1.020919 -0.082720 -0.011333  0.872173 -0.482019
13.500100 -23.031877 -17.616326  -1.024968 -0.083671 -0.013659  0.869769 -0.486121
13.533400 -22.891268 -17.727776  -1.018465 -0.084647 -0.016356  0.866940 -0.490899
13.566700 -22.753180 -17.827840  -1.000317 -0.085509 -0.018909  0.864125 -0.495599
13.600100 -22.631121 -17.919642  -0.975073 -0.086126 -0.021201  0.861654 -0.499686
13.633400 -22.487766 -18.024718  -0.934965  0.086732  0.023865 -0.858742  0.504450
13.666700 -22.343397 -18.127619  -0.883849  0.087149  0.026449 -0.855816  0.509200
13.700100 -22.219576 -18.209721  -0.831454  0.087522  0.028704 -0.853306  0.513210
13.733400 -22.073018 -18.308394  -0.761380  0.087781  0.031333 -0.850303  0.517975
13.766700 -21.926117 -18.405056  -0.682605  0.087823  0.033832 -0.847302  0.522706
13.800100 -21.799495 -18.486157  -0.608685  0.087785  0.035977 -0.844701  0.526763
13.833400 -21.651972 -18.575841  -0.516032  0.087682  0.038440 -0.841650  0.531469
13.866700 -21.502687 -18.666164  -0.417279  0.087346  0.040808 -0.838586  0.536171
13.900100 -21.374042 -18.740672  -0.329075  0.087018  0.042825 -0.835948  0.540171
13.933400 -21.228504 -18.819552  -0.221967  0.086577  0.045140 -0.832813  0.544875
13.966700 -21.077122 -18.903289  -0.112855  0.085872  0.047346 -0.829687  0.549548
14.000100 -20.952979 -18.966416  -0.018548  0.085280  0.049164 -0.827008  0.553505
14.033400 -20.799575 -19.044536   0.091822  0.084383  0.051333 -0.823804  0.558204
14.066700 -20.646298 -19.122001   0.200542  0.083316  0.053340 -0.820625  0.562838
14.100100 -20.518074 -19.181818   0.291772  0.082418  0.055023 -0.817883  0.566787
14.133400 -20.363087 -19.253152   0.394894  0.081179  0.056980 -0.814619  0.571453
14.166700 -20.207804 -19.323780   0.492764  0.079777  0.058771 -0.811383  0.576055
14.200100 -20.075752 -19.382415   0.571587  0.078617  0.060255 -0.808566  0.580009
14.233400 -19.919248 -19.448174   0.657301  0.077044  0.061949 -0.805251  0.584635
14.266700 -19.761997 -19.511647   0.734807  0.075328  0.063493 -0.801959  0.589199
14.300100 -19.626892 -19.564343   0.794056  0.073804  0.064797 -0.799090  0.593135
14.333400 -19.468707 -19.623626   0.854061  0.071937  0.066230 -0.795737  0.597697
14.366700 -19.310028 -19.680703   0.903578  0.069936  0.067507 -0.792400  0.602207
14.400100 -19.173792 -19.725777   0.937388  0.068137  0.068530 -0.789494  0.606102
14.433400 -19.014333 -19.778059   0.966003  0.065978  0.069654 -0.786096  0.610613
14.466700 -18.854135 -19.828309   0.982749  0.063731  0.070658 -0.782703  0.615079
14.500100 -18.716468 -19.869579   0.987537  0.061729  0.071439 -0.779770  0.618906
14.533400 -18.555587 -19.913681   0.982076  0.059263  0.072216 -0.776333  0.623362
14.566700 -18.394041 -19.957111   0.964457  0.056788  0.072918 -0.772891  0.627772
14.600100 -18.255191 -19.992119   0.940029  0.054558  0.073398 -0.769916  0.631558
14.633400 -18.092885 -20.031201   0.900817  0.051911  0.073861 -0.766437  0.635944
14.666700 -17.930113 -20.067750   0.850604  0.049252  0.074281 -0.762935  0.640302
14.700100 -17.790443 -20.096608   0.799380  0.046843  0.074464 -0.759924  0.644031
14.733400 -17.627058 -20.128852   0.730469  0.044012  0.074581 -0.756407  0.648344
14.766800 -17.463299 -20.158617   0.652636  0.041180  0.074652 -0.752878  0.652615
14.800100 -17.322502 -20.181883   0.579573  0.038622  0.074523 -0.749831  0.656284
14.833400 -17.158183 -20.207263   0.487759  0.035642  0.074288 -0.746273  0.660521
14.866800 -16.992939 -20.229731   0.390084  0.032667  0.074028 -0.742713  0.664703
14.900100 -16.851607 -20.247484   0.302418  0.030016  0.073586 -0.739629  0.668306
14.933400 -16.686488 -20.265954   0.196739  0.026923  0.072990 -0.736024  0.672470
14.966800 -16.520977 -20.281866   0.088609  0.023872  0.072382 -0.732429  0.676564
15.000100 -16.379061 -20.293681  -0.005001  0.021153  0.071639 -0.729305  0.680099
15.033400 -16.213311 -20.305198  -0.114138  0.018021  0.070718 -0.725658  0.684174
15.066800 -16.045542 -20.314856  -0.221873  0.014954  0.069815 -0.722024  0.688174
15.100100 -15.903125 -20.320739  -0.312207  0.012253  0.068827 -0.718871  0.691619
15.133400 -15.736856 -20.325390  -0.414085  0.009028  0.067505 -0.715166  0.695628
15.166800 -15.570465 -20.327615  -0.510961  0.005894  0.066161 -0.711473  0.699567
15.200100 -15.427735 -20.327469  -0.589142  0.003160  0.064855 -0.708264  0.702955
15.233400 -15.261141 -20.325087  -0.673692  0.000028  0.063271 -0.704519  0.706859
15.266800 -15.094493 -20.320323  -0.750103 -0.003045  0.061625 -0.700782  0.710702
15.300100 -14.951598 -20.314248  -0.808409 -0.005699  0.060084 -0.697542  0.713998
15.333400 -14.785218 -20.303874  -0.867547 -0.008818  0.058114 -0.693724  0.717838
15.366800 -14.618539 -20.291944  -0.915942 -0.011810  0.056171 -0.689930  0.721597
15.400100 -14.475634 -20.279832  -0.948633 -0.014386  0.054378 -0.686642  0.724816
15.433400 -14.309423 -20.263051  -0.976191 -0.017407  0.052096 -0.682767  0.728568
15.466800 -14.144083 -20.243883  -0.991640 -0.020227  0.049872 -0.678921  0.732237
15.500100 -14.001382 -20.225753  -0.995453 -0.022695  0.047846 -0.675582  0.735381
15.533400 -13.834979 -20.202331  -0.988683 -0.025524  0.045399 -0.671665  0.739022
15.566800 -13.668683 -20.176468  -0.969907 -0.028296  0.042867 -0.667727  0.742632
15.600100 -13.526245 -20.152358  -0.944420 -0.030624  0.040630 -0.664333  0.745703
15.633400 -13.360202 -20.121967  -0.904037 -0.033278  0.037948 -0.660351  0.749259
15.666800 -13.194325 -20.089145  -0.852649 -0.035863  0.035191 -0.656346  0.752785
15.700100 -13.052293 -20.059078  -0.800304 -0.038022  0.032771 -0.652894  0.755784
15.733400 -12.892731 -20.019764  -0.730440 -0.040462  0.029671 -0.648862  0.759250
15.766800 -12.727798 -19.979886  -0.651426 -0.042832  0.026721 -0.644788  0.762693
15.800100 -12.586621 -19.943832  -0.577311 -0.044809  0.024131 -0.641279  0.765618
15.833400 -12.423080 -19.899730  -0.484417 -0.047017  0.021031 -0.637170  0.769000
15.866800 -12.258971 -19.852957  -0.385441 -0.049134  0.017936 -0.633032  0.772356
15.900100 -12.118547 -19.810974  -0.296749 -0.050879  0.015240 -0.629456  0.775219
15.933400 -11.955024 -19.759768  -0.189876 -0.052826  0.012055 -0.625258  0.778535
15.966800 -11.791846 -19.706178  -0.080565 -0.054675  0.008835 -0.621034  0.781824
16.000100 -11.652269 -19.658350   0.014076 -0.056180  0.006050 -0.617391  0.784624
16.033400 -11.489785 -19.600352   0.124421 -0.057842  0.002775 -0.613116  0.787867
16.066800 -11.327702 -19.539997   0.233429 -0.059398 -0.000522 -0.608814  0.791086
16.100100 -11.189107 -19.486392   0.324808 -0.060648 -0.003361 -0.605104  0.793826
16.133400 -11.027575 -19.423231   0.427633 -0.061926 -0.006587 -0.600777  0.796987
16.166800 -10.866732 -19.356229   0.525758 -0.063162 -0.009891 -0.596402  0.800136
16.200100 -10.729223 -19.297036   0.604981 -0.064144 -0.012752 -0.592620  0.802823
16.233400 -10.569256 -19.225809   0.690760 -0.065183 -0.016082 -0.588184  0.805935
16.266800 -10.409813 -19.152230   0.768411 -0.066102 -0.019380 -0.583722  0.809026
16.300100 -10.273545 -19.087426   0.827780 -0.066809 -0.022226 -0.579874  0.811658
16.333400 -10.115077 -19.009676   0.887929 -0.067522 -0.025522 -0.575360  0.814709
16.366800  -9.954785 -18.929988   0.936956 -0.068155 -0.028819 -0.570845  0.817717
16.400100  -9.819712 -18.859459   0.970610 -0.068595 -0.031651 -0.566941  0.820287
16.433400  -9.663056 -18.775375   0.999182 -0.068977 -0.034868 -0.562365  0.823269
16.466800  -9.506806 -18.688779   1.016045 -0.069229 -0.038011 -0.557745  0.826247
16.500100  -9.373339 -18.612938   1.020934 -0.069377 -0.040722 -0.553769  0.828775
16.533400  -9.217773 -18.523027   1.015246 -0.069377 -0.043748 -0.549094  0.831727
16.566800  -9.063376 -18.430090   0.997725 -0.069278 -0.046730 -0.544398  0.834654
16.600100  -8.931517 -18.348897   0.973325 -0.069143 -0.049315 -0.540361  0.837136
16.633400  -8.778356 -18.252065   0.934208 -0.068873 -0.052266 -0.535628  0.840016
16.666800  -8.625919 -18.153055   0.884073 -0.068477 -0.055094 -0.530870  0.842884
16.700100  -8.496108 -18.066600   0.832708 -0.068056 -0.057534 -0.526775  0.845320
16.733400  -8.345072 -17.963399   0.763790 -0.067463 -0.060293 -0.521974  0.848149
16.766800  -8.194812 -17.858195   0.686017 -0.066727 -0.062875 -0.517160  0.850964
16.800100  -8.066612 -17.766417   0.612955 -0.066057 -0.065094 -0.513009  0.853359
16.833400  -7.917698 -17.657150   0.521023 -0.065161 -0.067645 -0.508135  0.856141
16.866800  -7.769701 -17.545968   0.423284 -0.064128 -0.069980 -0.503271  0.858900
16.900100  -7.643569 -17.448870   0.335631 -0.063187 -0.071970 -0.499070  0.861253
16.933400  -7.498315 -17.333833   0.229856 -0.062011 -0.074277 -0.494132  0.863986
16.966800  -7.352767 -17.216746   0.121778 -0.060702 -0.076334 -0.489219  0.866691
17.000100  -7.229718 -17.114788   0.028166 -0.059554 -0.078115 -0.484967  0.868999
17.033400  -7.088266 -16.993793  -0.080760 -0.058093 -0.080115 -0.479997  0.871671
17.066700  -6.945515 -16.870604  -0.188586 -0.056528 -0.081892 -0.475026  0.874328
17.100100  -6.823892 -16.763430  -0.278967 -0.055156 -0.083384 -0.470730  0.876595
17.133400  -6.685862 -16.637726  -0.380975 -0.053414 -0.085039 -0.465714  0.879219
17.166700  -6.545920 -16.508842  -0.477896 -0.051617 -0.086480 -0.460709  0.881819
17.200100  -6.428840 -16.397762  -0.556165 -0.050025 -0.087705 -0.456379  0.884038
17.233400  -6.292723 -16.265170  -0.640796 -0.048090 -0.089018 -0.451318  0.886609
17.266700  -6.155876 -16.130554  -0.717292 -0.046095 -0.090124 -0.446275  0.889152
17.300100  -6.040163 -16.013860  -0.775731 -0.044333 -0.091029 -0.441914  0.891325
17.333400  -5.909758 -15.878047  -0.835085 -0.042097 -0.091944 -0.436871  0.893822
17.366700  -5.776209 -15.737917  -0.883605 -0.039924 -0.092678 -0.431802  0.896306
17.400100  -5.662665 -15.616218  -0.916404 -0.038031 -0.093240 -0.427420  0.898428
17.433400  -5.532205 -15.472922  -0.944008 -0.035749 -0.093783 -0.422312  0.900877
17.466700  -5.402077 -15.327542  -0.959820 -0.033442 -0.094169 -0.417209  0.903300
17.500100  -5.291921 -15.201379  -0.963784 -0.031405 -0.094398 -0.412819  0.905364
17.533400  -5.169700 -15.055354  -0.957466 -0.028895 -0.094614 -0.407697  0.907743
17.566700  -5.043032 -14.904649  -0.938858 -0.026501 -0.094629 -0.402578  0.910095
17.600100  -4.918004 -14.752379  -0.908694 -0.024081 -0.094532 -0.397460  0.912419
17.633400  -4.811534 -14.620061  -0.873580 -0.021950 -0.094291 -0.393055  0.914404
17.666700  -4.688481 -14.464003  -0.822461 -0.019447 -0.093899 -0.387917  0.916692
17.700100  -4.567199 -14.306213  -0.761106 -0.016946 -0.093444 -0.382780  0.918945
17.733400  -4.467470 -14.174622  -0.701215 -0.014645 -0.092846 -0.378458  0.920834
17.766700  -4.348334 -14.013737  -0.622352 -0.012091 -0.092011 -0.373318  0.923050
17.800100  -4.230473 -13.851206  -0.535552 -0.009592 -0.091134 -0.368168  0.925232
17.833400  -4.130326 -13.710745  -0.455609 -0.007448 -0.090257 -0.363768  0.927076
17.866700  -4.016358 -13.548374  -0.357430 -0.004783 -0.089050 -0.358651  0.929202
17.900100  -3.902321 -13.380744  -0.254129 -0.002285 -0.087834 -0.353519  0.931292
17.933400  -3.807104 -13.239890  -0.163244  0.000014 -0.086590 -0.349137  0.933062
17.966700  -3.695775 -13.069831  -0.054086  0.002538 -0.084981 -0.343985  0.935118
18.000100  -3.585666 -12.898346   0.056168  0.004968 -0.083375 -0.338854  0.937124
18.033400  -3.491587 -12.752282   0.149674  0.007182 -0.081808 -0.334457  0.938826
18.066700  -3.384240 -12.577838   0.258535  0.009638 -0.079834 -0.329299  0.940795
18.100100  -3.276571 -12.403567   0.364093  0.012081 -0.077811 -0.324170  0.942716
18.133400  -3.186916 -12.251555   0.452035  0.014129 -0.075916 -0.319743  0.944353
18.166700  -3.083483 -12.072969   0.549958  0.016447 -0.073663 -0.314600  0.946219
18.200100  -2.979137 -11.893558   0.640896  0.018709 -0.071368 -0.309493  0.948035
18.233400  -2.890861 -11.737990   0.713374  0.020689 -0.069203 -0.305056  0.949591
18.266700  -2.791509 -11.555232   0.790867  0.022896 -0.066584 -0.299894  0.951370
18.300100  -2.693494 -11.371167   0.859292  0.025017 -0.063921 -0.294749  0.953106
18.333400  -2.610658 -11.212306   0.910113  0.026815 -0.061505 -0.290324  0.954573
18.366700  -2.515404 -11.025710   0.959635  0.028841 -0.058624 -0.285161  0.956250
18.400100  -2.421613 -10.837807   0.998067  0.030782 -0.055694 -0.280013  0.957885
18.433400  -2.342444 -10.675692   1.021836  0.032395 -0.053103 -0.275592  0.959260
18.466700  -2.251413 -10.485416   1.038587  0.034237 -0.049940 -0.270420  0.960837
18.500100  -2.161924 -10.293867   1.043302  0.035970 -0.046776 -0.265266  0.962368
18.533400  -2.086440 -10.128698   1.037731  0.037393 -0.044005 -0.260845  0.963652
18.566700 -1.998723 -9.938087  1.020557  0.039036 -0.040576 -0.255681  0.965120
18.600100 -1.913586 -9.743216  0.991154  0.040536 -0.037217 -0.250517  0.966547
18.633400 -1.841856 -9.575251  0.956838  0.041754 -0.034290 -0.246088  0.967740
18.666700 -1.759638 -9.378224  0.906605  0.043093 -0.030824 -0.240914  0.969099
18.700100 -1.678970 -9.180090  0.845975  0.044340 -0.027308 -0.235734  0.970422
18.733400 -1.611572 -9.014551  0.786708  0.045416 -0.024126 -0.231294  0.971524
18.766700 -1.533978 -8.814595  0.708835  0.046504 -0.020502 -0.226100  0.972777
18.800100 -1.458090 -8.614220  0.623232  0.047479 -0.016895 -0.220922  0.973989
18.833400 -1.394198 -8.441127  0.544083  0.048247 -0.013744 -0.216464  0.975001
18.866700 -1.321139 -8.238261  0.446232  0.049049 -0.010051 -0.211254  0.976148
18.900100 -1.247292 -8.035137  0.343613  0.049673 -0.006395 -0.206066  0.977256
18.933400 -1.187427 -7.859615  0.252745  0.050186 -0.003236 -0.201588  0.978179
18.966700 -1.119108 -7.653973  0.144511  0.050694  0.000472 -0.196349  0.979223
19.000100 -1.052392 -7.447445  0.035131  0.051102  0.004173 -0.191098  0.980231
19.033400 -0.996618 -7.269675 -0.058525  0.051368  0.007350 -0.186592  0.981066
19.066700 -0.933132 -7.061462 -0.166508  0.051582  0.011048 -0.181322  0.982008
19.100100 -0.868311 -6.853101 -0.271616  0.051703  0.014875 -0.176036  0.982912
19.133400 -0.816847 -6.673162 -0.358829  0.051723  0.018058 -0.171514  0.983657
19.166700 -0.758184 -6.462597 -0.455922  0.051642  0.021710 -0.166214  0.984497
19.200100 -0.701211 -6.251265 -0.546873  0.051458  0.025316 -0.160894  0.985304
19.233400 -0.653830 -6.069495 -0.619106  0.051220  0.028393 -0.156329  0.985967
19.266700 -0.600191 -5.856743 -0.695791  0.050848  0.031940 -0.150988  0.986710
19.300000 -0.546174 -5.647435 -0.763627  0.050420  0.035372 -0.145584  0.987427
19.333400 -0.503214 -5.464001 -0.813765  0.049932  0.038330 -0.140988  0.988008
19.366700 -0.454693 -5.249402 -0.862492  0.049275  0.041729 -0.135611  0.988656
19.400000 -0.408060 -5.034792 -0.900050  0.048519  0.045027 -0.130222  0.989273
19.433400 -0.369436 -4.849814 -0.923167  0.047798  0.047852 -0.125597  0.989773
19.466700 -0.326872 -4.645317 -0.939626  0.047082  0.051059 -0.120170  0.990321
19.500000 -0.285375 -4.428811 -0.943594  0.046056  0.054154 -0.114724  0.990850
19.533400 -0.251264 -4.242812 -0.937375  0.045111  0.056797 -0.110065  0.991274
19.566700 -0.213278 -4.026086 -0.919063  0.043967  0.059810 -0.104627  0.991737
19.600000 -0.176499 -3.816900 -0.889240  0.042856  0.062733 -0.099181  0.992165
19.633400 -0.146982 -3.629993 -0.854224  0.041706  0.065198 -0.094504  0.992511
19.666700 -0.114218 -3.411547 -0.803165  0.040287  0.067946 -0.089019  0.992893
19.700000 -0.082118 -3.198952 -0.742143  0.038905  0.070586 -0.083545  0.993239
19.733400 -0.057103 -3.011264 -0.681745  0.037567  0.072816 -0.078832  0.993515
19.766700 -0.029556 -2.791991 -0.603018  0.035936  0.075273 -0.073309  0.993815
19.800000 -0.002308 -2.577748 -0.516796  0.034349  0.077595 -0.067805  0.994083
19.833400  0.018262 -2.389465 -0.436907  0.032843  0.079558 -0.063059  0.994291
19.866700  0.040519 -2.169548 -0.338163  0.031025  0.081701 -0.057500  0.994513
19.900000  0.062718 -1.953459 -0.235127  0.029274  0.083709 -0.051954  0.994704
19.933400  0.078697 -1.764710 -0.143498  0.027625  0.085397 -0.047174  0.994846
19.966700  0.097093 -1.547249 -0.034718  0.025715  0.087180 -0.041618  0.994991
