0.999996185 0.001587567 0.002301378 0.000022338 -0.001581723 0.999995530 -0.002538738 -0.000424437 -0.002305398 0.002535087 0.999994099 0.059186280
0.999994159 0.002875320 0.001859214 -0.000084174 -0.002866155 0.999983788 -0.004913537 -0.000482830 -0.001873312 0.004908179 0.999986172 0.088639043
0.999998450 0.001724043 -0.000360622 0.000142376 -0.001725913 0.999984682 -0.005249531 -0.001152917 0.000351566 0.005250145 0.999986172 0.117799990
0.999994159 -0.001020903 -0.003293536 0.000124794 0.001001182 0.999981582 -0.005984118 -0.001441846 0.003299585 0.005980785 0.999976695 0.146784678
0.999961436 -0.004518669 -0.007529110 0.000551760 0.004483441 0.999979079 -0.004689265 -0.001968733 0.007550140 0.004655328 0.999960661 0.175370276
0.999904811 -0.006587200 -0.012122783 0.000301786 0.006533974 0.999968827 -0.004424961 -0.002024286 0.012151553 0.004345330 0.999916732 0.203967705
0.999860823 -0.005003667 -0.015912889 -0.000559477 0.004938673 0.999979317 -0.004121111 -0.002394943 0.015933180 0.004041950 0.999864936 0.233582616
0.999789238 -0.003858610 -0.020159818 -0.001362917 0.003777388 0.999984622 -0.004065483 -0.002825942 0.020175193 0.003988476 0.999788523 0.260260791
0.999698162 -0.003485586 -0.024317708 -0.002411875 0.003375687 0.999983907 -0.004558912 -0.003323614 0.024333209 0.004475447 0.999693930 0.289207786
0.999573588 -0.003175263 -0.029026479 -0.002705169 0.003072589 0.999988854 -0.003581162 -0.004065403 0.029037528 0.003490449 0.999572158 0.315270543
0.999453068 -0.004151048 -0.032808047 -0.004171532 0.004044108 0.999986231 -0.003325200 -0.004650240 0.032821402 0.003190701 0.999456108 0.342535496
0.999258697 -0.004144394 -0.038271777 -0.004703672 0.003938346 0.999977291 -0.005457639 -0.004364672 0.038293522 0.005302866 0.999252379 0.368400723
0.999096751 -0.004699473 -0.042231403 -0.006143468 0.004437450 0.999970257 -0.006296044 -0.004660847 0.042259734 0.006102956 0.999087989 0.395170271
0.998908043 -0.004388078 -0.046513516 -0.007144456 0.004146524 0.999977410 -0.005288413 -0.005241996 0.046535671 0.005089769 0.998903632 0.419574529
0.998752832 -0.002700922 -0.049856052 -0.008774696 0.002463279 0.999985337 -0.004827420 -0.005630909 0.049868353 0.004698590 0.998744667 0.445168316
0.998586833 -0.002044072 -0.053105112 -0.010112124 0.001853016 0.999991655 -0.003646685 -0.006170722 0.053112123 0.003543126 0.998582244 0.467608422
0.998466253 -0.001951605 -0.055329390 -0.011481535 0.001750209 0.999991715 -0.003688181 -0.006543534 0.055336133 0.003585686 0.998461306 0.491093665
0.998349249 -0.000630484 -0.057431675 -0.012878340 0.000403515 0.999992073 -0.003963500 -0.007020847 0.057433717 0.003933784 0.998341560 0.511804044
0.998275995 -0.000846351 -0.058687948 -0.014280466 0.000550627 0.999987006 -0.005054910 -0.007338413 0.058691457 0.005013880 0.998263597 0.533130527
0.998169124 -0.000270312 -0.060483754 -0.015402490 -0.000061832 0.999984860 -0.005489521 -0.007656592 0.060484327 0.005483210 0.998154104 0.552436888
0.998074889 0.000131919 -0.062020738 -0.016711082 -0.000526531 0.999979734 -0.006346276 -0.008003691 0.062018640 0.006366714 0.998054683 0.572041750
0.997979641 0.000212553 -0.063534513 -0.017840242 -0.000716324 0.999968410 -0.007906425 -0.008492238 0.063530833 0.007935963 0.997948349 0.589536786
0.997910321 0.001355040 -0.064600877 -0.019167880 -0.001924801 0.999959826 -0.008758294 -0.008938167 0.064586416 0.008864336 0.997872770 0.607793272
0.997865796 0.001514767 -0.065279990 -0.020322826 -0.002158838 0.999949634 -0.009796862 -0.009413947 0.065261863 0.009916884 0.997818887 0.625651419
0.997826576 0.000200715 -0.065894611 -0.021056022 -0.000909564 0.999942064 -0.010727480 -0.009716587 0.065888666 0.010764102 0.997768879 0.641799808
0.997752666 -0.001296195 -0.066992402 -0.021945296 0.000474146 0.999924481 -0.012285227 -0.009912028 0.067003258 0.012225853 0.997677863 0.658693612
0.997740149 -0.000622254 -0.067188635 -0.023501806 -0.000322665 0.999901295 -0.014051905 -0.010458706 0.067190751 0.014041830 0.997641385 0.675579786
0.997689545 0.001694823 -0.067916773 -0.024796367 -0.002669411 0.999894738 -0.014261552 -0.010665094 0.067885444 0.014409898 0.997589052 0.691104472
0.997618616 0.005058764 -0.068785191 -0.026573777 -0.005900077 0.999910235 -0.012033357 -0.011092654 0.068718135 0.012410539 0.997558892 0.707826972
0.997586250 0.004249182 -0.069307037 -0.027472485 -0.004928974 0.999941289 -0.009640360 -0.010754503 0.069262005 0.009958705 0.997548699 0.725032330
0.997598767 0.003849558 -0.069150575 -0.028641112 -0.004334153 0.999967098 -0.006859169 -0.011325981 0.069121882 0.007142408 0.997582674 0.740758240
0.997617185 0.002131591 -0.068959482 -0.029938553 -0.002696356 0.999963582 -0.008097787 -0.012015280 0.068939701 0.008264431 0.997586608 0.756806672
0.997624516 0.003417159 -0.068802439 -0.031346619 -0.004176104 0.999931991 -0.010889987 -0.012757840 0.068760544 0.011151444 0.997570872 0.772902191
0.997599185 0.002624442 -0.069201358 -0.031881388 -0.003499922 0.999915302 -0.012532952 -0.013014626 0.069162622 0.012745063 0.997523904 0.788557172
0.997619629 0.003887612 -0.068846688 -0.033193365 -0.004785495 0.999905586 -0.012881647 -0.013534896 0.068790123 0.013180450 0.997544050 0.805279255
0.997682214 0.003945707 -0.067931488 -0.034811802 -0.004917354 0.999887884 -0.014142076 -0.013758148 0.067868084 0.014443338 0.997589707 0.820915818
0.997664034 0.001093602 -0.068302825 -0.035027146 -0.002030712 0.999904752 -0.013652002 -0.014107114 0.068281397 0.013758815 0.997571170 0.835789919
0.997762501 0.001323219 -0.066844836 -0.036415283 -0.002129636 0.999925792 -0.011994187 -0.014586297 0.066823997 0.012109706 0.997691274 0.852166057
0.997858167 0.004288761 -0.065274611 -0.038359508 -0.005269165 0.999875724 -0.014854943 -0.014795298 0.065202780 0.015167067 0.997756779 0.868568361
0.997849405 0.005995315 -0.065273575 -0.038916353 -0.007541822 0.999696016 -0.023472102 -0.014968036 0.065113015 0.023913903 0.997591257 0.884442329
0.998038590 0.007061193 -0.062202156 -0.042000402 -0.008992720 0.999484181 -0.030827394 -0.014975484 0.061952394 0.031326301 0.997587442 0.903602540
0.998073936 0.002908749 -0.061966311 -0.041503385 -0.005016048 0.999413431 -0.033878826 -0.015342638 0.061831407 0.034124400 0.997503042 0.923678100
0.998153925 0.000758899 -0.060731761 -0.042159315 -0.002632240 0.999522984 -0.030772086 -0.016031653 0.060679436 0.030875137 0.997679770 0.942601264
0.998303831 0.001234583 -0.058206040 -0.043735214 -0.002874556 0.999601007 -0.028100003 -0.016964007 0.058148123 0.028219657 0.997909009 0.964940965
0.998366773 0.002398913 -0.057078779 -0.044279195 -0.003916545 0.999641359 -0.026491383 -0.017750053 0.056994747 0.026671670 0.998018205 0.989463627
0.998465776 0.002678855 -0.055307165 -0.045124199 -0.004087738 0.999669611 -0.025376387 -0.018494777 0.055220921 0.025563540 0.998146832 1.012584329
0.998606920 0.001512478 -0.052743882 -0.046613093 -0.002965196 0.999618053 -0.027475493 -0.019074012 0.052682184 0.027593616 0.998229980 1.038564682
0.998723805 0.000284318 -0.050505418 -0.047980640 -0.001742246 0.999582946 -0.028825086 -0.019681929 0.050476164 0.028876286 0.998307765 1.062344670
0.998768151 -0.001341856 -0.049601089 -0.047891900 -0.000092634 0.999582112 -0.028906917 -0.020454913 0.049619157 0.028875912 0.998350620 1.088504195
0.998795033 -0.000670297 -0.049070802 -0.048160046 -0.000789535 0.999557853 -0.029724069 -0.019486032 0.049069025 0.029727001 0.998352885 1.116737723
0.998897493 -0.000668285 -0.046938993 -0.050241724 -0.000590817 0.999640465 -0.026805231 -0.021350328 0.046940029 0.026803415 0.998538017 1.142611265
0.998932064 -0.001409155 -0.046181921 -0.050918374 0.000262427 0.999691725 -0.024827328 -0.022562519 0.046202671 0.024788698 0.998624444 1.169881821
0.998914003 -0.000191601 -0.046591014 -0.052174345 -0.000892544 0.999729276 -0.023247492 -0.023893282 0.046582859 0.023263831 0.998643517 1.198353410
0.998867393 0.000377545 -0.047578610 -0.053862348 -0.001429270 0.999755263 -0.022072919 -0.024854163 0.047558635 0.022115922 0.998623550 1.227588534
0.998860955 0.002989072 -0.047621198 -0.055980023 -0.004039226 0.999750376 -0.021971308 -0.024867931 0.047543645 0.022138633 0.998623729 1.258066893
0.998774469 0.001700297 -0.049463376 -0.056758530 -0.002683860 0.999799848 -0.019825054 -0.026105464 0.049419768 0.019933511 0.998579264 1.287946939
0.998773038 0.001212099 -0.049507160 -0.059071690 -0.002109826 0.999834239 -0.018085022 -0.027940854 0.049477037 0.018167287 0.998610020 1.318618655
0.998728335 0.004274508 -0.050233144 -0.060956817 -0.005261041 0.999795616 -0.019523298 -0.028582005 0.050139427 0.019762751 0.998546660 1.349701166
0.998629868 0.008757775 -0.051591739 -0.062391683 -0.009838502 0.999736667 -0.020731097 -0.028348010 0.051396593 0.021210277 0.998453081 1.381261706
0.998575985 0.012367761 -0.051895350 -0.064655989 -0.013362250 0.999732792 -0.018860348 -0.027776724 0.051648218 0.019526925 0.998474419 1.414424300
0.998479009 0.008439834 -0.054483525 -0.064153448 -0.009151006 0.999875963 -0.012816714 -0.029489210 0.054368600 0.013295797 0.998432398 1.445432663
0.998496056 0.009904694 -0.053921867 -0.066918060 -0.010387164 0.999908447 -0.008674672 -0.029762819 0.053831007 0.009221720 0.998507440 1.477506995
0.998444855 0.010139926 -0.054817319 -0.068478264 -0.010543441 0.999919355 -0.007076875 -0.030729603 0.054741137 0.007643833 0.998471379 1.509957910
0.998257101 0.017820533 -0.056261174 -0.070135228 -0.018232787 0.999810457 -0.006822640 -0.030396838 0.056128934 0.007836545 0.998392761 1.543927193
0.998316884 0.018303074 -0.055033308 -0.074523658 -0.018697029 0.999803066 -0.006652080 -0.031560954 0.054900717 0.007669841 0.998462439 1.573766947
0.998199821 0.017182669 -0.057462271 -0.074579611 -0.017641369 0.999816358 -0.007484903 -0.032284107 0.057323109 0.008485143 0.998319626 1.607223630
0.998233080 0.015174550 -0.057449564 -0.076850690 -0.015767869 0.999826729 -0.009888440 -0.032592170 0.057289559 0.010776827 0.998299420 1.640700817
0.998237908 0.012569716 -0.057991147 -0.078313395 -0.013176098 0.999862313 -0.010085947 -0.033624813 0.057856381 0.010832272 0.998266101 1.675583243
0.998251557 0.017874258 -0.056340300 -0.081982799 -0.018453173 0.999781966 -0.009771836 -0.033268727 0.056153350 0.010794408 0.998363853 1.707317948
0.998226762 0.017535716 -0.056883968 -0.082117483 -0.018088080 0.999794006 -0.009210066 -0.034645706 0.056710742 0.010222659 0.998338282 1.742341518
0.998207510 0.019956669 -0.056421220 -0.084453769 -0.020498406 0.999749005 -0.009039214 -0.035655167 0.056226667 0.010179555 0.998366177 1.776347041
0.998285472 0.017727541 -0.055783957 -0.084547631 -0.018259330 0.999792457 -0.009037810 -0.035823055 0.055612165 0.010040891 0.998401999 1.810919285
0.998370707 0.018310586 -0.054042131 -0.087281004 -0.018828940 0.999781311 -0.009098130 -0.036207184 0.053863719 0.010100863 0.998497188 1.843944907
0.998409986 0.018517256 -0.053240318 -0.088820688 -0.018988086 0.999784827 -0.008351280 -0.037246924 0.053074226 0.009348934 0.998546779 1.878837585
0.998516500 0.016055174 -0.052029453 -0.089987949 -0.016516358 0.999827921 -0.008446040 -0.038129713 0.051884901 0.009292848 0.998609781 1.913686395
0.998575807 0.014447313 -0.051357675 -0.091410406 -0.014948369 0.999844134 -0.009385534 -0.038245298 0.051214084 0.010139881 0.998636186 1.949666619
0.998688638 0.015104551 -0.048917830 -0.094160236 -0.015602626 0.999830067 -0.009816134 -0.038556084 0.048761252 0.010566509 0.998754501 1.983481050
0.998683631 0.016010955 -0.048731472 -0.095296577 -0.016565826 0.999802113 -0.011003737 -0.038590804 0.048545662 0.011796528 0.998751283 2.020536184
0.998724639 0.016079744 -0.047858372 -0.097078986 -0.016613709 0.999803960 -0.010780523 -0.039752096 0.047675628 0.011561879 0.998796046 2.055976152
0.998754740 0.015883911 -0.047293954 -0.098660342 -0.016485834 0.999787629 -0.012364498 -0.039958686 0.047087517 0.013128781 0.998804450 2.092429161
0.998748243 0.013882781 -0.048054107 -0.099423759 -0.014461639 0.999826849 -0.011719313 -0.040996268 0.047883086 0.012399586 0.998775959 2.128849030
0.998832285 0.014085517 -0.046213713 -0.102022514 -0.014675981 0.999814630 -0.012462440 -0.041465975 0.046029609 0.013126118 0.998853803 2.165379763
0.998910844 0.012323882 -0.045004372 -0.104260854 -0.012940728 0.999825954 -0.013440797 -0.041705381 0.044830896 0.014008547 0.998896360 2.202811718
0.998867512 0.014873919 -0.045194950 -0.105777599 -0.015467633 0.999798238 -0.012815610 -0.043586172 0.044995207 0.013500156 0.998896003 2.240005732
0.998924553 0.011053167 -0.045030933 -0.106996700 -0.011733311 0.999820650 -0.014867755 -0.043382205 0.044858515 0.015380125 0.998874962 2.277300596
0.998912096 0.011995306 -0.045064114 -0.108400390 -0.012733349 0.999788880 -0.016126405 -0.043512121 0.044861164 0.016682681 0.998853862 2.314715862
0.998900056 0.012597665 -0.045164794 -0.110440508 -0.013349508 0.999776721 -0.016383924 -0.043855760 0.044948306 0.016968833 0.998845100 2.354075909
0.998890817 0.011998480 -0.045531545 -0.111402258 -0.012717165 0.999798536 -0.015527585 -0.045856718 0.045336060 0.016089395 0.998842180 2.392689705
0.998868585 0.012218243 -0.045959774 -0.113375261 -0.012934497 0.999798954 -0.015319417 -0.046953715 0.045763355 0.015896548 0.998825848 2.431631088
0.998857915 0.012506921 -0.046112683 -0.114998974 -0.013175573 0.999811947 -0.014225081 -0.048295639 0.045926094 0.014816398 0.998834968 2.471081734
0.998840630 0.012246596 -0.046554599 -0.116142288 -0.012940512 0.999809206 -0.014633398 -0.048522718 0.046366494 0.015218874 0.998808563 2.511579514
0.998783648 0.012907037 -0.047588591 -0.117475867 -0.013605279 0.999804139 -0.014377902 -0.048750937 0.047393683 0.015007870 0.998763561 2.552664042
0.998801708 0.012159019 -0.047405235 -0.119897291 -0.012806001 0.999828637 -0.013368168 -0.050658219 0.047234561 0.013959221 0.998786271 2.590250492
0.998793960 0.014012038 -0.047055528 -0.122934110 -0.014657488 0.999802768 -0.013399856 -0.050946809 0.046858486 0.014073412 0.998802364 2.629596949
0.998699784 0.011841833 -0.049582411 -0.123210482 -0.012479570 0.999843001 -0.012572429 -0.052326191 0.049425747 0.013174850 0.998690903 2.669948816
0.998711050 0.011994626 -0.049319416 -0.125854835 -0.012683676 0.999825954 -0.013681993 -0.052710019 0.049146719 0.014289909 0.998689353 2.709232569
0.998599231 0.010949275 -0.051766086 -0.126982301 -0.011654769 0.999843121 -0.013346340 -0.054115411 0.051611830 0.013930967 0.998569965 2.748674393
0.998592257 0.012097490 -0.051646486 -0.130303681 -0.012771131 0.999837399 -0.012733284 -0.055965908 0.051484045 0.013374940 0.998584211 2.786744595
0.998520255 0.012208365 -0.052992854 -0.132012695 -0.013014044 0.999804497 -0.014885171 -0.055843085 0.052800771 0.015552800 0.998483956 2.826319695
0.998541296 0.012176755 -0.052602321 -0.135495976 -0.012966464 0.999807894 -0.014697721 -0.056687277 0.052413248 0.015358347 0.998507380 2.865696907
0.998389482 0.010491843 -0.055752642 -0.135439500 -0.011258599 0.999846041 -0.013456560 -0.058096118 0.055602875 0.014062584 0.998353899 2.905236006
0.998284936 0.009594403 -0.057751887 -0.136612281 -0.010354081 0.999863505 -0.012869328 -0.058958560 0.057620533 0.013445222 0.998248041 2.945024014
0.998209298 0.011365220 -0.058730230 -0.138866320 -0.012144891 0.999842584 -0.012935559 -0.060168721 0.058573972 0.013625666 0.998190045 2.985350609
0.998193502 0.012086254 -0.058853559 -0.141798690 -0.012959125 0.999811351 -0.014472215 -0.061098404 0.058667537 0.015208762 0.998161674 3.024978638
0.998105586 0.011545439 -0.060433161 -0.143802404 -0.012669637 0.999753118 -0.018252324 -0.062220667 0.060207516 0.018983409 0.998005271 3.064240217
0.998057067 0.008008508 -0.061788891 -0.145574957 -0.009318114 0.999737382 -0.020935899 -0.063559264 0.061605003 0.021470979 0.997869670 3.103800535
0.998070717 0.006301530 -0.061765082 -0.148546293 -0.007736268 0.999705136 -0.023017399 -0.064666569 0.061601829 0.023450824 0.997825265 3.142356396
0.997996747 0.006087204 -0.062969759 -0.150536805 -0.007644836 0.999669969 -0.024524916 -0.065700486 0.062799692 0.024957187 0.997714043 3.182519674
0.997912765 0.009342434 -0.063896142 -0.153087199 -0.010808246 0.999685407 -0.022633489 -0.066906162 0.063664593 0.023276858 0.997699857 3.221872807
0.997847855 0.009594264 -0.064865656 -0.155778185 -0.010702509 0.999802411 -0.016759384 -0.068543248 0.064692028 0.017417543 0.997753382 3.261407137
0.997934997 0.008970171 -0.063600920 -0.159539938 -0.009725721 0.999885678 -0.011579907 -0.068826146 0.063489772 0.012174560 0.997908294 3.300715446
0.997836351 0.008126280 -0.065244593 -0.160693586 -0.008373927 0.999958754 -0.003523084 -0.069491453 0.065213278 0.004061814 0.997863054 3.341328621
0.997942150 0.009538520 -0.063407108 -0.163848460 -0.009383858 0.999952316 0.002736541 -0.069996603 0.063430175 -0.002135906 0.997983992 3.380774498
0.997888923 0.009889050 -0.064186379 -0.165408060 -0.009502337 0.999934793 0.006327358 -0.071145765 0.064244762 -0.005704079 0.997918010 3.421564102
0.998008251 0.011023188 -0.062113233 -0.168550611 -0.010735624 0.999930084 0.004961517 -0.070799395 0.062163580 -0.004284810 0.998056829 3.459974051
0.998114645 0.010577881 -0.060458638 -0.170413315 -0.010432265 0.999941885 0.002723700 -0.071617909 0.060483936 -0.002087844 0.998166978 3.500711679
0.998195767 0.011780930 -0.058875352 -0.172731012 -0.011862329 0.999929130 -0.001033273 -0.071879059 0.058859002 0.001729808 0.998264790 3.540503025
0.998281181 0.009009983 -0.057909615 -0.174604103 -0.009296799 0.999945819 -0.004685312 -0.072348475 0.057864264 0.005215633 0.998310864 3.579416990
0.998491108 0.007394359 -0.054413963 -0.178011939 -0.007825965 0.999939501 -0.007723106 -0.072637767 0.054353572 0.008137293 0.998488605 3.619390965
0.998471081 0.006441263 -0.054899652 -0.178272799 -0.006929741 0.999938011 -0.008711985 -0.073558122 0.054840133 0.009079107 0.998453856 3.657501221
0.998515964 0.008805923 -0.053741444 -0.181210622 -0.009221537 0.999929368 -0.007490531 -0.074810714 0.053671688 0.007974993 0.998526752 3.696256876
0.998534262 0.010158696 -0.053161502 -0.183127135 -0.010579748 0.999914765 -0.007644795 -0.075651146 0.053079315 0.008196025 0.998556674 3.735578060
0.998587728 0.011735412 -0.051815685 -0.185586557 -0.012244548 0.999879658 -0.009519345 -0.075230137 0.051697746 0.010140362 0.998611271 3.775017738
0.998542666 0.010550951 -0.052926492 -0.187289789 -0.010971844 0.999910355 -0.007668140 -0.077106319 0.052840836 0.008237667 0.998568952 3.813631296
0.998471260 0.011502204 -0.054064047 -0.188803643 -0.011946163 0.999897361 -0.007895691 -0.078265637 0.053967688 0.008529479 0.998506188 3.852876902
0.998479903 0.012129441 -0.053764775 -0.191305563 -0.012665453 0.999873281 -0.009640054 -0.078492820 0.053641036 0.010306358 0.998507023 3.891794205
0.998369336 0.013310859 -0.055512033 -0.192517757 -0.013847923 0.999860823 -0.009301301 -0.079321593 0.055380497 0.010054859 0.998414636 3.931237698
0.998397708 0.013925718 -0.054846536 -0.195423737 -0.014461778 0.999851286 -0.009389083 -0.080176413 0.054707643 0.010167216 0.998450637 3.969378471
0.998354435 0.013423719 -0.055751480 -0.197008014 -0.013914918 0.999867618 -0.008431627 -0.081107125 0.055630915 0.009193529 0.998409033 4.008410454
0.998317599 0.014074968 -0.056248132 -0.199325264 -0.014543848 0.999862850 -0.007935260 -0.081872493 0.056128725 0.008739975 0.998385310 4.046680450
0.998375893 0.014604891 -0.055064496 -0.202526569 -0.015024410 0.999861121 -0.007212418 -0.082961954 0.054951515 0.008028017 0.998456717 4.083784103
0.998260617 0.014886305 -0.057044245 -0.203481987 -0.015321567 0.999856651 -0.007200446 -0.083397642 0.056928888 0.008061929 0.998345613 4.123405457
0.998179674 0.015434008 -0.058302410 -0.205183938 -0.015878851 0.999848187 -0.007174304 -0.083976932 0.058182828 0.008087019 0.998273134 4.161502361
0.998202503 0.015023431 -0.058017112 -0.207692668 -0.015450668 0.999856591 -0.006922436 -0.084984906 0.057904802 0.007806397 0.998291612 4.199580669
0.998259544 0.014785030 -0.057091456 -0.211000800 -0.015196146 0.999861479 -0.006773527 -0.085775927 0.056983411 0.007629307 0.998346031 4.236875534
0.998134196 0.014922444 -0.059206389 -0.212066680 -0.015326778 0.999862134 -0.006380971 -0.086430289 0.059103008 0.007276508 0.998225391 4.275141239
0.998115659 0.015725367 -0.059312016 -0.215356797 -0.016142072 0.999848187 -0.006553022 -0.086784512 0.059199966 0.007498093 0.998217940 4.311476707
0.997948527 0.016256724 -0.061923429 -0.216448382 -0.016646093 0.999844730 -0.005777203 -0.087601058 0.061819896 0.006796134 0.998064160 4.349530220
0.997726977 0.017534399 -0.065065369 -0.218130797 -0.017904077 0.999826670 -0.005102845 -0.088220924 0.064964622 0.006256182 0.997868001 4.386279583
0.997667968 0.018665709 -0.065652534 -0.221369565 -0.018979581 0.999811232 -0.004160300 -0.088881038 0.065562487 0.005396656 0.997833848 4.423748493
0.997464538 0.019082140 -0.068560481 -0.223696917 -0.019384991 0.999804974 -0.003754600 -0.089682221 0.068475485 0.005074123 0.997639894 4.460464478
0.997328639 0.020156723 -0.070208915 -0.226783574 -0.020474767 0.999783099 -0.003813216 -0.089967594 0.070116825 0.005240541 0.997524977 4.497665882
0.997132778 0.021720922 -0.072487004 -0.229910180 -0.022116050 0.999744654 -0.004652751 -0.090269983 0.072367407 0.006242537 0.997358501 4.534041882
0.996866941 0.022563618 -0.075809389 -0.232703507 -0.022901267 0.999731302 -0.003587478 -0.091746397 0.075708069 0.005312370 0.997115910 4.570340633
0.996586025 0.021202866 -0.079791285 -0.235564008 -0.021691343 0.999750853 -0.005260040 -0.092156112 0.079659872 0.006972862 0.996797740 4.607294559
0.996366620 0.020911397 -0.082561322 -0.238916501 -0.021526830 0.999746561 -0.006571001 -0.092495359 0.082403004 0.008324409 0.996564329 4.643818855
0.996090472 0.020357944 -0.085960634 -0.242140964 -0.021060327 0.999751747 -0.007271974 -0.093461156 0.085791253 0.009053903 0.996272027 4.679875374
0.995700479 0.021119062 -0.090190880 -0.245083064 -0.021930922 0.999727309 -0.008019995 -0.094301790 0.089996904 0.009963483 0.995892227 4.714739799
0.995365322 0.021840792 -0.093652293 -0.248171747 -0.022696566 0.999709785 -0.008082277 -0.094872400 0.093448594 0.010170403 0.995572209 4.750806808
0.995091796 0.019886991 -0.096936986 -0.252065003 -0.020859180 0.999741614 -0.009025927 -0.095721170 0.096732430 0.011003652 0.995249569 4.783501148
0.994859397 0.020442670 -0.099180661 -0.255640209 -0.021461098 0.999727249 -0.009212300 -0.096138291 0.098965272 0.011293470 0.995026767 4.816648483
0.994738698 0.020945968 -0.100280486 -0.258636773 -0.021841384 0.999730706 -0.007839452 -0.097861931 0.100089282 0.009988472 0.994928300 4.849678040
0.994742930 0.022771010 -0.099839240 -0.261460513 -0.023562482 0.999699533 -0.006755312 -0.099266283 0.099655420 0.009072261 0.994980633 4.877106190
0.995007396 0.023968339 -0.096879967 -0.264842391 -0.024652058 0.999678969 -0.005866431 -0.100464821 0.096708253 0.008225437 0.995278776 4.906603336
0.995490015 0.026234075 -0.091166936 -0.267591417 -0.026903830 0.999619186 -0.006125091 -0.099847063 0.090971552 0.008550208 0.995816767 4.942703247
0.996165395 0.028220730 -0.082814321 -0.269355237 -0.028799597 0.999568343 -0.005803481 -0.100992233 0.082614794 0.008166247 0.996548057 4.970903873
0.997199297 0.031179680 -0.067980543 -0.271451831 -0.031671658 0.999479234 -0.006171097 -0.101096235 0.067752741 0.008306870 0.997667491 4.999228477
0.998271167 0.034373458 -0.047677781 -0.272602677 -0.034689892 0.999381125 -0.005825142 -0.101657033 0.047448047 0.007469009 0.998845696 5.030034542
0.999108672 0.035924904 -0.022162654 -0.272226512 -0.036067545 0.999330878 -0.006070114 -0.102414399 0.021929756 0.006864056 0.999735951 5.055860996
0.999292374 0.036414463 0.009422552 -0.270988554 -0.036355000 0.999318361 -0.006407588 -0.103368014 -0.009649459 0.006060496 0.999935031 5.081785679
0.998316467 0.034566879 0.046575502 -0.268135846 -0.034245163 0.999383867 -0.007687930 -0.103937283 -0.046812557 0.006080002 0.998885214 5.112349987
0.995478868 0.033076629 0.089038134 -0.264048874 -0.032405119 0.999434531 -0.008977151 -0.103929609 -0.089284718 0.006051271 0.995987833 5.139326572
0.990261674 0.030578911 0.135819077 -0.258114636 -0.029491032 0.999514818 -0.010015102 -0.105524197 -0.136059463 0.005912127 0.990683138 5.163710594
0.982053280 0.028073847 0.186502859 -0.251020193 -0.026347212 0.999583900 -0.011730712 -0.105902642 -0.186754614 0.006606353 0.982384443 5.190032005
0.970528543 0.023600418 0.239827812 -0.242101192 -0.021043349 0.999691129 -0.013217651 -0.106965914 -0.240065649 0.007781327 0.970725477 5.216373444
0.955013037 0.019851971 0.295898944 -0.232055426 -0.016517790 0.999768794 -0.013763760 -0.108384185 -0.296103746 0.008256973 0.955120146 5.239962578
0.935422719 0.015430479 0.353194207 -0.219125628 -0.011680325 0.999850571 -0.012746894 -0.108972147 -0.353338093 0.007798311 0.935463190 5.262525558
0.911681354 0.012268471 0.410714924 -0.205707312 -0.008112203 0.999896705 -0.011860926 -0.109282538 -0.410818011 0.007481582 0.911686718 5.283622265
0.883633852 0.006438589 0.468134344 -0.191259861 -0.002101890 0.999949932 -0.009785580 -0.110139281 -0.468173981 0.007662900 0.883603096 5.304241657
0.852350414 0.003481774 0.522959590 -0.175651073 0.001009505 0.999965072 -0.008302944 -0.111044660 -0.522970319 0.007604946 0.852317035 5.322696209
0.816499770 0.004157302 0.577330768 -0.157937288 0.002001616 0.999947667 -0.010031344 -0.111088224 -0.577342272 0.009346183 0.816448689 5.343452930
0.776984155 0.006857187 0.629482806 -0.138895273 -0.000026345 0.999941051 -0.010860205 -0.111651964 -0.629520178 0.008421623 0.776938498 5.360579967
0.733085036 0.010011402 0.680063248 -0.118932486 -0.004203124 0.999939263 -0.010189559 -0.111955464 -0.680124104 0.004611424 0.733082533 5.377552986
0.684514701 0.011813276 0.728903353 -0.097352982 -0.007475949 0.999929845 -0.009185102 -0.112196460 -0.728960693 0.000838093 0.684555054 5.394345284
0.632274747 0.009199451 0.774689674 -0.074854612 -0.004311175 0.999955773 -0.008355858 -0.112992607 -0.774732292 0.001943375 0.632286429 5.408065319
0.575976014 0.009035450 0.817416608 -0.051291704 -0.003864379 0.999957800 -0.008330245 -0.113095455 -0.817457438 0.001639214 0.575986683 5.421532154
0.516556799 0.011108948 0.856180847 -0.025310516 -0.007750480 0.999935508 -0.008298094 -0.113729469 -0.856217861 -0.002349375 0.516609669 5.433531284
0.455936074 0.011045062 0.889943957 -0.000605583 -0.007561554 0.999934971 -0.008536221 -0.114467733 -0.889980435 -0.002837388 0.455989897 5.442557812
0.398884088 0.009192447 0.916955292 0.026200414 -0.005339009 0.999956131 -0.007702011 -0.116035722 -0.916985810 -0.001823422 0.398915648 5.449200630
0.344391614 0.009878183 0.938774109 0.052333832 -0.000868041 0.999947548 -0.010203433 -0.115403593 -0.938825607 0.002699083 0.344382226 5.456376553
0.294385403 0.009470719 0.955639899 0.079294682 0.002955202 0.999936998 -0.010820071 -0.116286673 -0.955682218 0.006009380 0.294338971 5.461705685
0.249476597 0.010621537 0.968322575 0.107278824 0.005007769 0.999912262 -0.012258236 -0.116251431 -0.968367875 0.007907280 0.249401525 5.466100693
0.208630264 0.011206890 0.977930367 0.135251164 0.005255097 0.999907017 -0.012579855 -0.116491854 -0.977980494 0.007763658 0.208552018 5.470246792
0.172303826 0.010918858 0.984983385 0.163533211 0.006811656 0.999901474 -0.012275799 -0.117566876 -0.985020280 0.008824535 0.172212496 5.472982883
0.139867783 0.012206772 0.990094900 0.192282736 0.008657283 0.999870718 -0.013550285 -0.117582709 -0.990132332 0.010466782 0.139744014 5.475406647
0.111618146 0.013127192 0.993664443 0.221287668 0.010931044 0.999836028 -0.014436608 -0.118142508 -0.993691087 0.012473177 0.111456364 5.477042198
0.086715490 0.013974658 0.996135235 0.251310796 0.011546949 0.999820292 -0.015031545 -0.118785985 -0.996166110 0.012805791 0.086538561 5.478278160
0.064876005 0.013920551 0.997796297 0.281701922 0.013108361 0.999804556 -0.014800866 -0.119643629 -0.997807264 0.014039693 0.064680852 5.479043007
0.045271587 0.015252329 0.998858273 0.312439442 0.015043340 0.999759674 -0.015947908 -0.120114580 -0.998861432 0.015748151 0.045031264 5.479904175
0.029254859 0.017065069 0.999426305 0.344021380 0.017484970 0.999692500 -0.017581426 -0.120694131 -0.999419093 0.017989280 0.028947478 5.479615211
0.015383815 0.018761670 0.999705553 0.376359582 0.018913152 0.999639630 -0.019051475 -0.121220857 -0.999702752 0.019200666 0.015023431 5.479465485
0.006141527 0.019255633 0.999795675 0.410523981 0.019862592 0.999615014 -0.019374164 -0.121869013 -0.999783814 0.019977523 0.005756694 5.478071213
-0.001140388 0.019130483 0.999816358 0.443808168 0.020631814 0.999604642 -0.019102899 -0.122576170 -0.999786496 0.020606244 -0.001534634 5.478354931
-0.005869785 0.019187035 0.999798775 0.479027569 0.021633539 0.999584377 -0.019055910 -0.123459972 -0.999748766 0.021517331 -0.006282428 5.478291988
-0.008379319 0.019591190 0.999772906 0.514209628 0.021806797 0.999573886 -0.019404519 -0.124150939 -0.999727011 0.021639246 -0.008802969 5.477706909
-0.008996814 0.019008398 0.999778867 0.551552057 0.020904329 0.999604344 -0.018816967 -0.124771051 -0.999740958 0.020730408 -0.009390612 5.477028370
-0.007690296 0.017890090 0.999810398 0.589367568 0.020362893 0.999635398 -0.017730337 -0.125932410 -0.999763072 0.020222679 -0.008051787 5.476787567
-0.005038404 0.017185895 0.999839604 0.628217936 0.020423332 0.999645531 -0.017079640 -0.126868486 -0.999778748 0.020333996 -0.005387612 5.476357937
-0.002271986 0.016604537 0.999859512 0.668276012 0.020292515 0.999656975 -0.016555062 -0.127613619 -0.999791503 0.020252053 -0.002608154 5.476201534
0.001075142 0.015454610 0.999879956 0.708907485 0.020595677 0.999668181 -0.015473478 -0.129043818 -0.999787331 0.020609837 0.000756487 5.476518631
0.005655519 0.016361887 0.999850094 0.751395285 0.019110672 0.999681771 -0.016467229 -0.128994107 -0.999801397 0.019200942 0.005341033 5.476378441
0.008833359 0.015052111 0.999847710 0.792473912 0.018731387 0.999708772 -0.015215508 -0.129903913 -0.999785662 0.018862940 0.008548839 5.477362156
0.014035555 0.012892310 0.999818444 0.836209834 0.019658983 0.999720037 -0.013167018 -0.131603867 -0.999708235 0.019840218 0.013778177 5.477622032
0.019082919 0.013031565 0.999732971 0.880668283 0.020043973 0.999709189 -0.013413854 -0.131482109 -0.999616981 0.020294599 0.018816166 5.477792263
0.022630649 0.011096660 0.999682307 0.924143076 0.021248547 0.999707162 -0.011577957 -0.132346973 -0.999518037 0.021503814 0.022388233 5.479756832
0.027254490 0.010557010 0.999572814 0.969349802 0.021752730 0.999701202 -0.011151479 -0.132899910 -0.999391794 0.022047367 0.027016699 5.481144905
0.032118239 0.009960790 0.999434412 1.014447451 0.021819063 0.999705076 -0.010664674 -0.133130267 -0.999245822 0.022149250 0.031891435 5.482436657
0.036990397 0.007630894 0.999286473 1.059245825 0.021884141 0.999724805 -0.008444323 -0.134815663 -0.999075949 0.022180883 0.036813233 5.483455658
0.041969579 0.007422781 0.999091327 1.105449200 0.022393240 0.999714255 -0.008368099 -0.135622039 -0.998867869 0.022724098 0.041791372 5.485207558
0.045273844 0.007296218 0.998947918 1.150377035 0.023235440 0.999695063 -0.008354740 -0.136334404 -0.998704374 0.023589248 0.045090504 5.487017155
0.046523757 0.007876268 0.998886108 1.197298288 0.021928539 0.999719918 -0.008904178 -0.137103766 -0.998676419 0.022318369 0.046338003 5.488940239
0.046304502 0.007976861 0.998895526 1.244215369 0.021106753 0.999737024 -0.008961999 -0.138198018 -0.998704374 0.021498425 0.046123952 5.490962505
0.045112330 0.009126544 0.998940170 1.290771127 0.021430802 0.999719322 -0.010101479 -0.138439506 -0.998751998 0.021863792 0.044904072 5.493236542
0.045097776 0.009859209 0.998933911 1.339350224 0.023207771 0.999671161 -0.010914219 -0.139102519 -0.998712897 0.023675237 0.044854131 5.494686127
0.043610740 0.010289895 0.998995602 1.385690451 0.022487506 0.999683499 -0.011278664 -0.140188009 -0.998795509 0.022956794 0.043365542 5.496982098
0.043703359 0.009562024 0.998998761 1.434787512 0.024107559 0.999652863 -0.010622922 -0.140767708 -0.998753667 0.024547683 0.043457668 5.497977257
0.042786572 0.008522912 0.999047875 1.482521057 0.024413120 0.999656141 -0.009573652 -0.141903326 -0.998785913 0.024799500 0.042563796 5.500173569
0.042165369 0.008093175 0.999077857 1.532087207 0.024329863 0.999662399 -0.009124736 -0.142757416 -0.998814344 0.024692176 0.041954231 5.502015114
0.041624833 0.008417040 0.999097884 1.578782558 0.025763500 0.999623001 -0.009494832 -0.143636316 -0.998801112 0.026135480 0.041392278 5.503780842
0.042048126 0.008711785 0.999077678 1.627432823 0.026642878 0.999596536 -0.009837627 -0.145368412 -0.998760343 0.027031953 0.041799050 5.505057335
0.042056147 0.011242491 0.999051988 1.674730778 0.026865810 0.999562383 -0.012379180 -0.145481244 -0.998753905 0.027360957 0.041735712 5.507110596
0.041929193 0.011580694 0.999053478 1.723507881 0.026977222 0.999555111 -0.012718715 -0.147168040 -0.998756289 0.027484974 0.041598126 5.510144234
0.043143418 0.011842387 0.998998642 1.771080256 0.029568680 0.999476552 -0.013125022 -0.147759408 -0.998631239 0.030105334 0.042770669 5.510645866
0.043349277 0.010168541 0.999008179 1.819214344 0.030585459 0.999465942 -0.011500375 -0.148966014 -0.998591721 0.031053659 0.043015119 5.512177467
0.043856405 0.008415004 0.999002397 1.867751241 0.029653991 0.999512911 -0.009721120 -0.149280712 -0.998597741 0.030050740 0.043585502 5.514394283
0.044792030 0.006829262 0.998973072 1.914587259 0.029787306 0.999522865 -0.008168627 -0.150449857 -0.998552203 0.030122604 0.044567235 5.515886307
0.045028169 0.007290836 0.998959124 1.961032867 0.029190242 0.999536753 -0.008610805 -0.150850415 -0.998559177 0.029547585 0.044794492 5.518714905
0.045222476 0.007735323 0.998946965 2.012383223 0.029720698 0.999517083 -0.009085194 -0.152394593 -0.998534739 0.030100260 0.044970732 5.519911289
0.043509934 0.009002760 0.999012411 2.059241056 0.027919166 0.999557912 -0.010223637 -0.153160781 -0.998662829 0.028336424 0.043239348 5.521724224
0.041124471 0.009059309 0.999112964 2.105971336 0.025256619 0.999629915 -0.010103583 -0.154516622 -0.998834729 0.025649721 0.040880442 5.524742603
0.038561642 0.009026126 0.999215484 2.156650543 0.024080440 0.999660432 -0.009959456 -0.155465007 -0.998965979 0.024445603 0.038331196 5.526515484
0.036329813 0.008839552 0.999300838 2.204256535 0.023654554 0.999673128 -0.009702813 -0.156220287 -0.999059856 0.023990514 0.036108840 5.528083801
0.034329887 0.009012177 0.999369979 2.252998114 0.023738401 0.999669969 -0.009830329 -0.156974688 -0.999128580 0.024060918 0.034104623 5.529791355
0.032525033 0.009182488 0.999428868 2.301005840 0.023163985 0.999682367 -0.009938657 -0.158274055 -0.999202430 0.023474012 0.032302000 5.531118870
0.031597499 0.009169924 0.999458611 2.349503040 0.022180215 0.999705195 -0.009873407 -0.159453049 -0.999254525 0.022480184 0.031384800 5.531773567
0.029397333 0.008837445 0.999528885 2.395473719 0.022258826 0.999707162 -0.009493683 -0.160022676 -0.999319851 0.022527426 0.029192016 5.534709930
0.028918041 0.007879102 0.999550879 2.445533276 0.023134800 0.999695897 -0.008549559 -0.161641628 -0.999313951 0.023371642 0.028726963 5.534636021
0.028782485 0.007393090 0.999558449 2.493313789 0.023416905 0.999693274 -0.008068383 -0.162425295 -0.999311328 0.023638790 0.028600533 5.536335945
0.028635329 0.006787076 0.999566913 2.539683580 0.024196167 0.999679267 -0.007481005 -0.163392648 -0.999297023 0.024399906 0.028461920 5.537425041
0.029470671 0.007436043 0.999537945 2.589974880 0.024908163 0.999656439 -0.008171321 -0.164881036 -0.999255240 0.025137473 0.029275319 5.538124084
0.029574193 0.007815662 0.999532044 2.637211323 0.024968807 0.999651670 -0.008555374 -0.165727973 -0.999250650 0.025210140 0.029368740 5.539786339
0.029485608 0.008148399 0.999531984 2.684431553 0.024831641 0.999652207 -0.008881896 -0.166116610 -0.999256670 0.025081910 0.029273011 5.541643620
0.029551189 0.007824750 0.999532640 2.731772900 0.025579236 0.999635935 -0.008581808 -0.166531384 -0.999235928 0.025820887 0.029340282 5.543084145
0.031159537 0.007581437 0.999485791 2.782503605 0.024703253 0.999659956 -0.008352898 -0.167961717 -0.999209106 0.024950823 0.030961655 5.542757511
0.031190071 0.007394984 0.999486148 2.829775095 0.024310771 0.999671221 -0.008154999 -0.168544665 -0.999217808 0.024552630 0.031000039 5.543806553
0.030648410 0.008180213 0.999496758 2.878619432 0.023070412 0.999694407 -0.008889257 -0.168778390 -0.999263883 0.023331244 0.030450316 5.545835018
0.030464098 0.007280059 0.999509275 2.927072048 0.022556229 0.999713838 -0.007969039 -0.170767635 -0.999281347 0.022787927 0.030291166 5.546719551
0.029497568 0.007946081 0.999533236 2.974486351 0.021871844 0.999723852 -0.008593067 -0.171368778 -0.999325573 0.022115109 0.029315624 5.548403740
0.028931906 0.008065776 0.999548733 3.022952557 0.022300702 0.999713421 -0.008712596 -0.171909571 -0.999332547 0.022542713 0.028743740 5.549493313
0.027749736 0.007736227 0.999584973 3.069865942 0.022406235 0.999713957 -0.008359251 -0.172761202 -0.999363780 0.022628903 0.027568460 5.551197529
0.027531698 0.008252634 0.999586880 3.119683743 0.022904688 0.999698162 -0.008884416 -0.173907533 -0.999358475 0.023139829 0.027334360 5.551452637
0.026428796 0.008414558 0.999615312 3.165967226 0.023762397 0.999676704 -0.009043327 -0.174379170 -0.999368250 0.023992261 0.026220305 5.552787781
0.025926501 0.009657081 0.999617279 3.214841127 0.022609010 0.999691904 -0.010244198 -0.175004318 -0.999408066 0.022865955 0.025700174 5.554009438
0.025976164 0.009460698 0.999617815 3.265634775 0.022708667 0.999691606 -0.010051506 -0.176049426 -0.999404550 0.022961088 0.025753314 5.554263592
0.025690032 0.008794758 0.999631226 3.312978268 0.022112366 0.999711573 -0.009363743 -0.177676305 -0.999425352 0.022344766 0.025488153 5.555972576
0.025025407 0.008257628 0.999652684 3.360963345 0.022102494 0.999716759 -0.008811475 -0.179063410 -0.999442399 0.022315333 0.024835806 5.557166576
0.025029890 0.008421411 0.999651194 3.409930468 0.020743746 0.999744773 -0.008941593 -0.179787174 -0.999471426 0.020960318 0.024848817 5.558377266
0.024201982 0.008204904 0.999673426 3.458928108 0.019348230 0.999775112 -0.008674159 -0.180924013 -0.999519825 0.019551843 0.024037790 5.560617924
0.024323009 0.008629227 0.999667048 3.509063721 0.019222315 0.999773979 -0.009097849 -0.181708515 -0.999519348 0.019437205 0.024151634 5.560980797
0.024007458 0.008028093 0.999679625 3.556877375 0.019408355 0.999775589 -0.008494959 -0.183464438 -0.999523401 0.019606084 0.023846261 5.561569691
0.023479355 0.008426505 0.999688864 3.603941917 0.019317972 0.999774039 -0.008880940 -0.184129894 -0.999537647 0.019520478 0.023311265 5.562776566
0.023689050 0.008998821 0.999678850 3.654157639 0.018990001 0.999774992 -0.009449687 -0.183827668 -0.999538958 0.019207757 0.023512835 5.563625813
0.023485780 0.008426243 0.999688625 3.702385664 0.018211681 0.999794960 -0.008854991 -0.184926480 -0.999558210 0.018413974 0.023327511 5.564408779
0.022899469 0.007556607 0.999709189 3.750853300 0.017882088 0.999808311 -0.007966968 -0.186576888 -0.999577820 0.018059328 0.022759957 5.566343784
0.022902984 0.007219418 0.999711573 3.797151804 0.019314928 0.999783993 -0.007662438 -0.187462702 -0.999551058 0.019484848 0.022758596 5.567491055
0.023256140 0.007158482 0.999703884 3.845566750 0.020499762 0.999760628 -0.007635775 -0.187634841 -0.999519348 0.020671273 0.023103831 5.567033291
0.023234628 0.008027453 0.999697804 3.893058300 0.020019334 0.999763429 -0.008493262 -0.188094616 -0.999529660 0.020210620 0.023068426 5.568356514
0.022855470 0.008297393 0.999704301 3.939943552 0.019568298 0.999770284 -0.008745315 -0.188849688 -0.999547303 0.019762386 0.022687854 5.569948673
0.023172902 0.008218686 0.999697685 3.987732649 0.019569045 0.999770880 -0.008672897 -0.190364957 -0.999539912 0.019764105 0.023006758 5.570000648
0.023627050 0.008612340 0.999683678 4.034566402 0.018848604 0.999781251 -0.009058659 -0.190972924 -0.999543071 0.019056672 0.023459556 5.570165157
0.023370836 0.008998422 0.999686420 4.080677032 0.019112235 0.999772668 -0.009446009 -0.191921026 -0.999544144 0.019327000 0.023193546 5.571316242
0.023147125 0.008833526 0.999692976 4.127124310 0.018886233 0.999778628 -0.009271579 -0.193249315 -0.999553680 0.019095048 0.022975171 5.572841644
0.023178291 0.008938691 0.999691367 4.175487995 0.017829122 0.999797285 -0.009353012 -0.194478378 -0.999572337 0.018040407 0.023014219 5.574226379
0.022959743 0.008020070 0.999704242 4.219875336 0.017539676 0.999810636 -0.008423750 -0.196497470 -0.999582410 0.017727898 0.022814725 5.574839115
0.023688383 0.008579009 0.999682546 4.266932011 0.017465392 0.999807060 -0.008993935 -0.196507677 -0.999566853 0.017672900 0.023533972 5.575571060
0.024187617 0.007940502 0.999675930 4.311454296 0.015974090 0.999837697 -0.008328287 -0.196970060 -0.999579787 0.016170355 0.024056848 5.576724052
0.023874508 0.007236013 0.999688923 4.359917164 0.016327320 0.999837637 -0.007627019 -0.198657513 -0.999581635 0.016504334 0.023752490 5.578470230
0.024981502 0.006556439 0.999666512 4.405113220 0.016857252 0.999833584 -0.006978795 -0.200396344 -0.999545813 0.017025970 0.024866818 5.579437256
0.026565384 0.006754333 0.999624312 4.450405121 0.016756656 0.999833643 -0.007201063 -0.200378552 -0.999506593 0.016941661 0.026447788 5.579925060
0.028317120 0.006144121 0.999580085 4.497180939 0.016760528 0.999837577 -0.006620512 -0.201977998 -0.999458611 0.016940964 0.028209543 5.580648422
0.030343728 0.004801425 0.999527931 4.541602135 0.015675198 0.999863207 -0.005278904 -0.203858554 -0.999416649 0.015827982 0.030264316 5.581773281
0.032347258 0.004252728 0.999467671 4.585548401 0.016438659 0.999853373 -0.004786398 -0.204670414 -0.999341607 0.016584735 0.032272607 5.582682133
0.034893457 0.005377208 0.999376595 4.632687092 0.017313506 0.999832213 -0.005984166 -0.203312516 -0.999241054 0.017511517 0.034794502 5.584033966
0.037012048 0.004718848 0.999303699 4.677618027 0.017541103 0.999831676 -0.005371027 -0.204687402 -0.999160826 0.017727681 0.036923040 5.585826874
0.039053656 0.005456838 0.999222279 4.721037388 0.016489740 0.999845386 -0.006104728 -0.205145806 -0.999101043 0.016715325 0.038957637 5.587607861
0.041497622 0.006669863 0.999116361 4.767188072 0.017137224 0.999825835 -0.007386383 -0.204510629 -0.998991609 0.017428597 0.041376092 5.589880466
0.043954860 0.005401127 0.999018967 4.810558319 0.016972467 0.999836981 -0.006152306 -0.206400707 -0.998889327 0.017226240 0.043856025 5.591851711
0.046198431 0.005558262 0.998916805 4.854468346 0.016270244 0.999847710 -0.006315917 -0.205839679 -0.998799801 0.016544405 0.046100959 5.593363762
0.049535483 0.005796508 0.998755455 4.895770550 0.015740627 0.999854445 -0.006583577 -0.206152067 -0.998648405 0.016047154 0.049437024 5.594141006
0.051803324 0.006159910 0.998638272 4.936747551 0.015356034 0.999857843 -0.006964011 -0.207285598 -0.998539329 0.015695881 0.051701363 5.596566200
0.053610988 0.008474043 0.998525918 4.976992607 0.014005868 0.999859214 -0.009237336 -0.206011117 -0.998463690 0.014480446 0.053484756 5.600039959
0.059128493 0.009225453 0.998207688 5.014916897 0.012319507 0.999874294 -0.009970600 -0.206522718 -0.998174310 0.012886972 0.059007414 5.600813389
0.063392669 0.009506771 0.997943401 5.053562641 0.011155372 0.999885440 -0.010233898 -0.208038032 -0.997926295 0.011781183 0.063279368 5.603682041
0.063841231 0.015682807 0.997836828 5.092061996 0.009595085 0.999820769 -0.016327878 -0.203862622 -0.997914076 0.010616722 0.063679300 5.609686375
0.071289711 0.018187147 0.997289836 5.128078938 0.009165849 0.999779642 -0.018887758 -0.203162715 -0.997413635 0.010487511 0.071107291 5.608551502
0.076455384 0.012822775 0.996990502 5.164282799 0.008995766 0.999867737 -0.013549632 -0.209143102 -0.997032464 0.010004636 0.076329917 5.609690189
0.077815883 0.016502263 0.996831119 5.199086189 0.007879915 0.999821544 -0.017166900 -0.206783682 -0.996936619 0.009190803 0.077671967 5.614105701
0.081109107 0.016912136 0.996561706 5.233181477 0.005628674 0.999832332 -0.017425749 -0.207383186 -0.996689379 0.007022709 0.081000298 5.615947723
0.080866069 0.019356476 0.996537030 5.265119553 0.002874306 0.999802709 -0.019653149 -0.206774518 -0.996720850 0.004453625 0.080794491 5.618782997
0.078319900 0.022097945 0.996683478 5.295726776 -0.001550765 0.999755800 -0.022044213 -0.206291124 -0.996927083 0.000180878 0.078335054 5.620957851
0.069833599 0.020823641 0.997341335 5.325382233 -0.003785414 0.999780416 -0.020609517 -0.208279878 -0.997551501 -0.002336113 0.069897100 5.624406338
0.059312966 0.021547269 0.998006940 5.355631351 -0.007786538 0.999746561 -0.021122066 -0.208659053 -0.998209000 -0.006518207 0.059465714 5.623998642
0.038657222 0.023063214 0.998986363 5.382108688 -0.009840480 0.999693930 -0.022698764 -0.208364308 -0.999204099 -0.008953035 0.038872335 5.623934269
0.010381769 0.020221336 0.999741673 5.408702850 -0.010663130 0.999740958 -0.020110589 -0.210987747 -0.999889195 -0.010451593 0.010594707 5.623224258
-0.024694100 0.023803286 0.999411583 5.434696198 -0.009262567 0.999668121 -0.024038259 -0.210350737 -0.999652088 -0.009850722 -0.024465425 5.620648861
-0.072114378 0.023239374 0.997125566 5.461181164 -0.007705010 0.999685645 -0.023856284 -0.211748868 -0.997366667 -0.009403245 -0.071912639 5.619240284
-0.121248379 0.021739600 0.992384195 5.485182762 -0.005516068 0.999729991 -0.022574469 -0.213247448 -0.992606878 -0.008211173 -0.121095710 5.612754822
-0.176383570 0.023976991 0.984029412 5.508156776 -0.001406998 0.999696136 -0.024610922 -0.213124961 -0.984320521 -0.005725491 -0.176296234 5.604734421
-0.240225419 0.028012278 0.970312774 5.531409740 0.003685069 0.999602675 -0.027945522 -0.212903321 -0.970710158 -0.003137555 -0.240233213 5.596922398
-0.307684571 0.030914573 0.950986028 5.553763866 0.009346840 0.999522030 -0.029468274 -0.213223547 -0.951442540 -0.000178219 -0.307826489 5.587023735
-0.374549925 0.027084058 0.926811099 5.574870110 0.016911954 0.999606550 -0.022376761 -0.215770304 -0.927052498 0.007292973 -0.374860555 5.574272156
-0.440948009 0.028954262 0.897065520 5.593691826 0.025971133 0.999472678 -0.019493639 -0.214648917 -0.897156775 0.014702130 -0.441467404 5.561192036
-0.507356822 0.027876239 0.861285090 5.612047195 0.029548807 0.999451578 -0.014941819 -0.215242833 -0.861229479 0.017869117 -0.507902265 5.548269749
-0.567689657 0.032403223 0.822604775 5.627046585 0.032727696 0.999323368 -0.016778572 -0.213493258 -0.822591960 0.017396938 -0.568365991 5.532724857
-0.625686705 0.028521543 0.779552877 5.641279221 0.029399179 0.999483585 -0.012971723 -0.213232785 -0.779520273 0.014801979 -0.626202106 5.515797138
-0.680805087 0.019121133 0.732215047 5.654407024 0.025347335 0.999675393 -0.002537960 -0.215878084 -0.732026041 0.016831845 -0.681068778 5.497275829
-0.733929813 0.021205541 0.678894162 5.665575981 0.027400060 0.999623239 -0.001602357 -0.214584991 -0.678672373 0.017425723 -0.734234393 5.480731964
-0.781219363 0.018671850 0.623977244 5.674519062 0.026155299 0.999653876 0.002832862 -0.215691492 -0.623708367 0.018533399 -0.781437457 5.461360455
-0.825212657 0.023769101 0.564321816 5.685141563 0.031598464 0.999492228 0.004108330 -0.215313539 -0.563937604 0.021221947 -0.825544655 5.441307068
-0.860198975 0.026969567 0.509244919 5.691864967 0.034744792 0.999379575 0.005762644 -0.215708002 -0.508773625 0.022650624 -0.860602379 5.420665741
-0.891545475 0.032155681 0.451788217 5.700450420 0.037249144 0.999303281 0.002381737 -0.214239433 -0.451396793 0.018952155 -0.892122030 5.398296833
-0.917122364 0.030774981 0.397415996 5.707952499 0.034505766 0.999401987 0.002238048 -0.213120580 -0.397109479 0.015765706 -0.917635798 5.376290321
-0.936376512 0.025322963 0.350082368 5.713434219 0.029694483 0.999533653 0.007124228 -0.213904411 -0.349738687 0.017066473 -0.936691821 5.353494167
-0.951293290 0.025479089 0.307232499 5.717382431 0.029688722 0.999518394 0.009035057 -0.212597623 -0.306854367 0.017716330 -0.951591611 5.330467701
-0.963904202 0.022879338 0.265264422 5.722371101 0.027768414 0.999506295 0.014694944 -0.213812917 -0.264797270 0.021530489 -0.964063704 5.306336880
-0.973851979 0.022477100 0.226069450 5.725875378 0.026811209 0.999510527 0.016119132 -0.213588089 -0.225596458 0.021758841 -0.973977923 5.283041954
-0.981230676 0.024022937 0.191335678 5.727636337 0.027321413 0.999519646 0.014619354 -0.211654678 -0.190892607 0.019572517 -0.981415868 5.259868622
-0.987475336 0.020638719 0.156417817 5.731238365 0.023830742 0.999543667 0.018559041 -0.212773740 -0.155963391 0.022054143 -0.987516701 5.233182907
-0.991738260 0.020367224 0.126650572 5.732879639 0.023073055 0.999535024 0.019934174 -0.212716877 -0.126185656 0.022691697 -0.991747081 5.207893372
-0.994726598 0.021584263 0.100265495 5.734026432 0.023684641 0.999523222 0.019805031 -0.211930171 -0.099790230 0.022075348 -0.994763553 5.180991650
-0.996712089 0.023266468 0.077612609 5.734670639 0.024866745 0.999496460 0.019716300 -0.211368173 -0.077114791 0.021581452 -0.996788621 5.153841972
-0.998021364 0.024383558 0.057955973 5.735791206 0.025578165 0.999473512 0.019960500 -0.210968763 -0.057438761 0.021403411 -0.998119533 5.126084328
-0.998809397 0.023802100 0.042581499 5.735713482 0.024679268 0.999491453 0.020194011 -0.210234225 -0.042079192 0.021220850 -0.998888850 5.096865177
-0.999278009 0.023188336 0.030095123 5.736228466 0.023811033 0.999506295 0.020500015 -0.209726468 -0.029604901 0.021201814 -0.999336720 5.066837311
-0.999509156 0.023628907 0.020571198 5.736324310 0.024042787 0.999508560 0.020109985 -0.209140733 -0.020085914 0.020594705 -0.999586105 5.035636425
-0.999614656 0.024105283 0.013763394 5.736184597 0.024376923 0.999504328 0.019922512 -0.208665758 -0.013276335 0.020250350 -0.999706745 5.004189968
-0.999659956 0.024628067 0.008570436 5.736640453 0.024793269 0.999497771 0.019735260 -0.207954586 -0.008080090 0.019941039 -0.999768496 4.970612049
-0.999660254 0.025138877 0.006889032 5.736577034 0.025269762 0.999488115 0.019620530 -0.207432240 -0.006392267 0.019787945 -0.999783754 4.937251568
-0.999609470 0.027190760 0.006450073 5.736772060 0.027309034 0.999446094 0.019018523 -0.206598699 -0.005929372 0.019187238 -0.999798298 4.902238369
-0.999603391 0.027196851 0.007301240 5.736720085 0.027335744 0.999433160 0.019650247 -0.206188530 -0.006762676 0.019842042 -0.999780238 4.866607189
-0.999577463 0.027817968 0.008432130 5.736962318 0.027981805 0.999408782 0.019977879 -0.205199659 -0.007871401 0.020205382 -0.999764800 4.829799652
-0.999534726 0.028912600 0.009718060 5.737014771 0.029118462 0.999339223 0.021755168 -0.204678625 -0.009082642 0.022028018 -0.999716103 4.793627262
-0.999450326 0.031195959 0.011214436 5.737112045 0.031449351 0.999236643 0.023177911 -0.204302698 -0.010482818 0.023517858 -0.999668479 4.757915020
-0.999410570 0.031945854 0.012568617 5.737444401 0.032249376 0.999173701 0.024736524 -0.203994080 -0.011768003 0.025127275 -0.999614954 4.719796658
-0.999369085 0.032678302 0.013915011 5.738042831 0.033028971 0.999122262 0.025764409 -0.203294709 -0.013060860 0.026207754 -0.999571204 4.683745861
-0.999255419 0.035320234 0.015527282 5.738136292 0.035716634 0.999022603 0.026039612 -0.202644676 -0.014592378 0.026574802 -0.999540269 4.645987988
-0.999187231 0.036383815 0.017352162 5.738564014 0.036827900 0.998983383 0.025999041 -0.202164203 -0.016388576 0.026616953 -0.999511361 4.611486435
-0.999132991 0.037009377 0.019067472 5.739369392 0.037503313 0.998952091 0.026233401 -0.201456696 -0.018076610 0.026925750 -0.999473989 4.572714806
-0.999060988 0.037915148 0.020967206 5.740128517 0.038464822 0.998909414 0.026465312 -0.201440275 -0.019940902 0.027246960 -0.999429822 4.536503315
-0.998952568 0.039692581 0.022770293 5.740754604 0.040258430 0.998877645 0.024954602 -0.200755119 -0.021754228 0.025845159 -0.999429166 4.500367641
-0.998868167 0.040471032 0.024990343 5.741449833 0.041067000 0.998872578 0.023814075 -0.200138152 -0.023998389 0.024813397 -0.999403954 4.463473320
-0.998836339 0.040183619 0.026667086 5.742532253 0.040810585 0.998892844 0.023398085 -0.199777901 -0.025697341 0.024459161 -0.999370515 4.428163528
-0.998730600 0.041460682 0.028603524 5.743275642 0.042131968 0.998840868 0.023279211 -0.198919892 -0.027605193 0.024454787 -0.999319792 4.391749859
-0.998660386 0.041792959 0.030507710 5.744125843 0.042521112 0.998816311 0.023622420 -0.198939562 -0.029484348 0.024887996 -0.999255300 4.354524612
-0.998614371 0.041545179 0.032304633 5.745519638 0.042346042 0.998802185 0.024514804 -0.197782248 -0.031247471 0.025848804 -0.999177396 4.320067406
-0.998650491 0.039896715 0.033248700 5.747883797 0.040741552 0.998853564 0.025131498 -0.197593451 -0.032207921 0.026452184 -0.999131083 4.284345627
-0.998558879 0.041011281 0.034616236 5.747201443 0.041915201 0.998787820 0.025803333 -0.197079197 -0.033516053 0.027217090 -0.999067545 4.249143600
-0.998673975 0.038989667 0.033617042 5.749272823 0.039868046 0.998870075 0.025866684 -0.196553737 -0.032570530 0.027172629 -0.999099970 4.212160110
-0.998700321 0.039337330 0.032407638 5.750075340 0.040177118 0.998862445 0.025682842 -0.196081832 -0.031360473 0.026951510 -0.999144673 4.178356647
-0.998769820 0.039153919 0.030425897 5.751068592 0.039950915 0.998862207 0.026043681 -0.195448279 -0.029371565 0.027227186 -0.999197602 4.143473625
-0.998814642 0.039189897 0.028869955 5.751391888 0.039942767 0.998864174 0.025979938 -0.195027351 -0.027819008 0.027102288 -0.999245524 4.106914043
-0.998890042 0.038655456 0.026914895 5.752076149 0.039364163 0.998878181 0.026319260 -0.194667608 -0.025867321 0.027349532 -0.999291182 4.074099541
-0.999001563 0.037456993 0.024345588 5.752742290 0.038102858 0.998918891 0.026629819 -0.194131762 -0.023321796 0.027530866 -0.999348879 4.040378571
-0.999264240 0.033495471 0.018683977 5.753475189 0.033995192 0.999054432 0.027102783 -0.193403214 -0.017758489 0.027718008 -0.999458015 4.006719112
-0.999470174 0.030916270 0.010182631 5.752578735 0.031178527 0.999157429 0.026690716 -0.192352131 -0.009348875 0.026994051 -0.999591887 3.976471901
-0.999575436 0.028923644 -0.003518255 5.752354622 0.028815540 0.999202311 0.027646651 -0.192252040 0.004315091 0.027533531 -0.999611557 3.947146893
-0.999346972 0.028125510 -0.022685323 5.751521587 0.027468188 0.999208152 0.028784633 -0.191662163 0.023476942 0.028142706 -0.999328196 3.917279720
-0.998529851 0.026654966 -0.047198862 5.749255657 0.025265584 0.999236822 0.029792717 -0.191077948 0.047956962 0.028556403 -0.998441160 3.889712095
-0.996646464 0.025688389 -0.077691659 5.746579170 0.023264023 0.999218702 0.031950828 -0.191016048 0.078451723 0.030036259 -0.996465325 3.862394333
-0.993318319 0.025638338 -0.112522751 5.741405964 0.022011457 0.999201059 0.033357449 -0.190729409 0.113288082 0.030657778 -0.993089080 3.837243557
-0.987677693 0.027248511 -0.154111072 5.735174656 0.022352971 0.999191701 0.033410694 -0.189865887 0.154896885 0.029554160 -0.987488508 3.811474800
-0.979280591 0.030775364 -0.200156242 5.727911472 0.024503177 0.999130309 0.033739213 -0.189265743 0.201020509 0.028135691 -0.979182899 3.789560318
-0.967512190 0.035323374 -0.250344336 5.718790054 0.027217342 0.998989344 0.035768986 -0.188659966 0.251354784 0.027793230 -0.967495859 3.765136719
-0.951669395 0.039872456 -0.304525048 5.708631516 0.029605083 0.998829126 0.038261276 -0.188401118 0.305694073 0.027396591 -0.951735556 3.743155003
-0.931928217 0.043089297 -0.360073656 5.697154999 0.031056929 0.998751104 0.039138228 -0.187415838 0.361310422 0.025291242 -0.932102501 3.722505808
-0.908310711 0.047532860 -0.415586561 5.684285164 0.033479091 0.998596489 0.041042510 -0.186858490 0.416954070 0.023365896 -0.908627152 3.702053070
-0.881176531 0.050536532 -0.470078647 5.670337200 0.034106135 0.998475134 0.043409605 -0.185676843 0.471555531 0.022218958 -0.881556332 3.682857990
-0.850212872 0.053147700 -0.523749411 5.655894279 0.034459647 0.998375654 0.045371577 -0.185310304 0.525310099 0.020527285 -0.850663304 3.664832115
-0.817632794 0.053588614 -0.573240638 5.639249802 0.033600885 0.998403251 0.045408264 -0.184391767 0.574758649 0.017865896 -0.818127930 3.648423195
-0.781378150 0.052031633 -0.621884823 5.622796059 0.030651033 0.998515248 0.045031369 -0.184067309 0.623304665 0.016125116 -0.781812966 3.632894039
-0.741599143 0.048256766 -0.669105351 5.605090618 0.026084736 0.998729348 0.043118816 -0.183026478 0.670335889 0.014523439 -0.741915703 3.618460894
-0.696117342 0.044398554 -0.716553807 5.587641716 0.020852795 0.998915195 0.041635945 -0.181942433 0.717625141 0.014041357 -0.696287990 3.604248047
-0.647301018 0.044310950 -0.760945439 5.568014622 0.017861180 0.998916447 0.042974677 -0.180782095 0.762025118 0.014226167 -0.647391140 3.591260672
-0.596001565 0.044398196 -0.801754892 5.546821117 0.013026922 0.998873591 0.045630045 -0.179450557 0.802877605 0.016751181 -0.595908523 3.579097271
-0.541967809 0.045651074 -0.839158416 5.524953365 0.007949105 0.998757362 0.049199525 -0.178698391 0.840361536 0.019994002 -0.541657269 3.568526983
-0.486872822 0.047932390 -0.872156858 5.502050400 0.005011872 0.998629987 0.052085347 -0.177246004 0.873458564 0.020987796 -0.486445993 3.559459686
-0.431602448 0.051786497 -0.900576174 5.478701591 0.003742784 0.998444974 0.055620573 -0.176713407 0.902056158 0.020635320 -0.431125104 3.551362038
-0.378493965 0.054631844 -0.923990071 5.454699039 0.002264350 0.998308301 0.058098432 -0.175786197 0.925601065 0.019897666 -0.377977341 3.544385195
-0.328784883 0.054803453 -0.942813337 5.429107666 -0.001786589 0.998277009 0.058650449 -0.174480990 0.944403172 0.020967798 -0.328120440 3.537810802
-0.282755196 0.052419402 -0.957758665 5.404200077 -0.005788378 0.998394191 0.056352317 -0.173096895 0.959174693 0.021477774 -0.281997591 3.532948256
-0.239076301 0.050016578 -0.969711721 5.377663136 -0.011826921 0.998448372 0.054414641 -0.172380671 0.970928669 0.024477955 -0.238113776 3.528088570
-0.197994649 0.047264695 -0.979062915 5.350941658 -0.015509969 0.998560727 0.051342521 -0.171270087 0.980080307 0.025350783 -0.196976602 3.524519920
-0.159156993 0.044161964 -0.986265004 5.323741913 -0.018353608 0.998694003 0.047680285 -0.169667467 0.987082660 0.025690174 -0.158138618 3.521968603
-0.123265333 0.041832581 -0.991491616 5.296264172 -0.018992852 0.998828650 0.044503398 -0.168364123 0.992191911 0.024316981 -0.122326434 3.520345211
-0.089811392 0.040981844 -0.995115280 5.268106461 -0.020137835 0.998874068 0.042954121 -0.167032480 0.995755196 0.023897238 -0.088885002 3.519274712
-0.059920825 0.040531311 -0.997379959 5.238788605 -0.019786812 0.998930752 0.041783083 -0.166282952 0.998007059 0.022238648 -0.059054770 3.518719673
-0.034921829 0.038652249 -0.998642445 5.210303307 -0.018859366 0.999048412 0.039327465 -0.164807349 0.999212086 0.020207148 -0.034159634 3.518931389
-0.013922177 0.038282625 -0.999170005 5.179256439 -0.017836317 0.999098420 0.038528405 -0.163133666 0.999743938 0.018357914 -0.013226802 3.519611835
0.002724670 0.041287672 -0.999143600 5.148163795 -0.017968416 0.998988032 0.041232236 -0.163177431 0.999834955 0.017840685 0.003463785 3.520164251
0.015997827 0.043231200 -0.998937070 5.116128922 -0.019039817 0.998896897 0.042924542 -0.161810473 0.999690771 0.018332880 0.016803293 3.521217108
0.026124790 0.044366419 -0.998673677 5.083709240 -0.019419035 0.998848677 0.043866210 -0.160529822 0.999470055 0.018247291 0.026956270 3.522398472
0.032828823 0.045566093 -0.998421848 5.050257683 -0.019193199 0.998804748 0.044952489 -0.159480870 0.999276698 0.017687172 0.033664141 3.523948431
0.037213173 0.046312310 -0.998233736 5.016254902 -0.017906310 0.998796046 0.045670878 -0.157574624 0.999146879 0.016175121 0.037997648 3.526179314
0.040479369 0.047011808 -0.998073816 4.982723236 -0.017441293 0.998773634 0.046337388 -0.156104326 0.999028146 0.015531988 0.041249666 3.528029680
0.041522834 0.047355909 -0.998014688 4.945109367 -0.017360663 0.998759508 0.046668954 -0.154565722 0.998986721 0.015388369 0.042293455 3.529973030
0.039953038 0.047085010 -0.998091578 4.908982754 -0.017108491 0.998774886 0.046432413 -0.153347105 0.999055147 0.015220727 0.040709645 3.532360315
0.038020223 0.045802813 -0.998226762 4.872105598 -0.016209325 0.998845875 0.045213845 -0.151527300 0.999145508 0.014461541 0.038718771 3.534464121
0.036654964 0.045041308 -0.998312354 4.831443787 -0.014657264 0.998900652 0.044529673 -0.150029674 0.999220490 0.013000297 0.037274841 3.535230160
0.033186693 0.044355959 -0.998464406 4.792130470 -0.012745363 0.998952270 0.043954004 -0.148356661 0.999367893 0.011267103 0.033717256 3.537779808
0.030283719 0.044485543 -0.998550892 4.752191544 -0.011406196 0.998959422 0.044157829 -0.147342324 0.999476194 0.010052404 0.030759616 3.538775921
0.028107187 0.043518852 -0.998657167 4.708642006 -0.011183256 0.999002934 0.043219175 -0.144898951 0.999542356 0.009953468 0.028565843 3.539520979
0.025206447 0.042597372 -0.998774290 4.665726185 -0.009410467 0.999057472 0.042371962 -0.142460138 0.999637902 0.008330887 0.025583552 3.540293217
0.021185733 0.043194983 -0.998842001 4.622696877 -0.008584944 0.999037147 0.043021336 -0.140824914 0.999738634 0.007663565 0.021536164 3.542134047
0.019814583 0.044039875 -0.998833239 4.577227592 -0.006973837 0.999011159 0.043909375 -0.139560878 0.999779344 0.006095653 0.020102112 3.543107748
0.017824790 0.043336991 -0.998901546 4.531522274 -0.006421881 0.999044597 0.043228608 -0.137682900 0.999820411 0.005644287 0.018086063 3.543999434
0.014367938 0.044035699 -0.998926640 4.486024857 -0.007472357 0.999006510 0.043931749 -0.136069238 0.999868810 0.006833127 0.014682718 3.547013760
0.014787225 0.044525996 -0.998898745 4.439841747 -0.007233425 0.998986602 0.044422828 -0.133572251 0.999864459 0.006568568 0.015094316 3.546633244
0.014180223 0.045428127 -0.998866916 4.392953873 -0.007075944 0.998946846 0.045331318 -0.131591663 0.999874413 0.006425118 0.014486737 3.546550035
0.013520508 0.046795685 -0.998812973 4.346404552 -0.007509686 0.998880804 0.046697214 -0.129914403 0.999880373 0.006869402 0.013856798 3.548107624
0.011414414 0.047331683 -0.998814106 4.298455238 -0.008174586 0.998850107 0.047239993 -0.127820671 0.999901414 0.007625676 0.011788205 3.550050259
0.010886495 0.047338594 -0.998819590 4.251189232 -0.009413047 0.998839378 0.047236938 -0.126384184 0.999896467 0.008887692 0.011319458 3.550119877
0.010704984 0.046334293 -0.998868585 4.205238342 -0.010087770 0.998880029 0.046226714 -0.124356493 0.999891758 0.009581502 0.011160403 3.550991774
0.009565048 0.046169326 -0.998887837 4.153451920 -0.011785478 0.998869479 0.046055615 -0.122163489 0.999884784 0.011331848 0.010098359 3.553116083
0.009684739 0.045660563 -0.998910069 4.104843616 -0.012045894 0.998889804 0.045542844 -0.120134979 0.999880552 0.011591692 0.010224008 3.554831505
0.009463361 0.046462160 -0.998875260 4.056977749 -0.013098814 0.998839974 0.046336431 -0.118882932 0.999869406 0.012645581 0.010060982 3.557211161
0.011050725 0.046564069 -0.998854280 4.004668713 -0.013448105 0.998831749 0.046414256 -0.115711480 0.999848485 0.012919787 0.011664012 3.556524277
0.011506477 0.047130719 -0.998822391 3.953993797 -0.013518977 0.998804688 0.046974141 -0.113392919 0.999842346 0.012962551 0.012129879 3.557411671
0.012337903 0.047453884 -0.998797178 3.903828382 -0.012602006 0.998801231 0.047298402 -0.111205943 0.999844432 0.012003287 0.012921127 3.559331417
0.012525459 0.048521899 -0.998743594 3.851251125 -0.010550207 0.998772681 0.048390999 -0.110043794 0.999865830 0.009930831 0.013022004 3.560056448
0.012514419 0.048160739 -0.998761237 3.800380468 -0.009034120 0.998803973 0.048049614 -0.107769474 0.999880791 0.008421616 0.012934544 3.560431719
0.012800602 0.047787018 -0.998775542 3.748666525 -0.007030701 0.998836994 0.047699854 -0.106011152 0.999893308 0.006411506 0.013121691 3.561394453
0.012242441 0.047920596 -0.998776078 3.696217775 -0.005868321 0.998837233 0.047851592 -0.104317382 0.999907792 0.005275319 0.012509418 3.563912868
0.011781050 0.048226442 -0.998767018 3.644066095 -0.005064716 0.998826325 0.048169572 -0.102628015 0.999917805 0.004490983 0.012011477 3.565198898
0.011174303 0.049306050 -0.998721242 3.592344284 -0.003957982 0.998777926 0.049264565 -0.100703351 0.999929667 0.003402424 0.011355799 3.566277504
0.010883173 0.049967010 -0.998691559 3.540176392 -0.003330118 0.998746991 0.049933493 -0.099258624 0.999935210 0.002782326 0.011035933 3.568032980
0.011038143 0.050537311 -0.998661160 3.486399651 -0.003361726 0.998718202 0.050503045 -0.095575556 0.999933422 0.002799765 0.011193887 3.567551136
0.010417460 0.051627267 -0.998612106 3.435441494 -0.003152200 0.998663008 0.051597010 -0.094449967 0.999940753 0.002610316 0.010566272 3.569084167
0.009448528 0.051028389 -0.998652518 3.382470131 -0.002830114 0.998694479 0.051003750 -0.091493964 0.999951363 0.002344390 0.009580608 3.569079876
0.008800508 0.051331151 -0.998642862 3.326964378 -0.003705266 0.998676360 0.051300224 -0.090328418 0.999954402 0.003248770 0.008979054 3.568971872
0.008218520 0.050931837 -0.998668253 3.279543161 -0.003420864 0.998697639 0.050905183 -0.087218076 0.999960363 0.002997943 0.008382047 3.570976973
0.007422746 0.051172145 -0.998662174 3.230615377 -0.004785775 0.998680115 0.051137485 -0.085278310 0.999960959 0.004399793 0.007657847 3.571111679
0.007065327 0.051400848 -0.998653114 3.179885149 -0.004413360 0.998669922 0.051370494 -0.082855895 0.999965310 0.004044466 0.007282781 3.571142912
0.005578998 0.052340530 -0.998613775 3.127335310 -0.003627515 0.998623788 0.052320786 -0.081549510 0.999977827 0.003330588 0.005761186 3.572109461
0.005623293 0.051736582 -0.998644948 3.072573185 -0.004834283 0.998650432 0.051709652 -0.079333089 0.999972522 0.004536953 0.005865813 3.571828842
0.004875071 0.051161420 -0.998678505 3.023490191 -0.005358512 0.998677313 0.051135205 -0.077130176 0.999973774 0.005102143 0.005142772 3.573872566
0.005249162 0.050562050 -0.998707056 2.971174955 -0.004802379 0.998710632 0.050536983 -0.075078085 0.999974728 0.004530894 0.005485211 3.573034525
0.006082850 0.051340021 -0.998662710 2.920232534 -0.003143069 0.998677194 0.051321622 -0.073584519 0.999976516 0.002826684 0.006236168 3.572892666
0.006017053 0.052166305 -0.998620272 2.869165421 -0.003933362 0.998631895 0.052143198 -0.072640389 0.999974191 0.003614187 0.006214011 3.575031519
0.006889620 0.052419558 -0.998601377 2.818019629 -0.002655502 0.998622477 0.052402340 -0.071564838 0.999972761 0.002290756 0.007019329 3.574756622
0.006726986 0.051144775 -0.998668492 2.768817425 -0.002473657 0.998689055 0.051129147 -0.068808958 0.999974370 0.002126419 0.006844681 3.575993538
0.007891476 0.049356014 -0.998750091 2.717361927 -0.001433734 0.998780847 0.049346197 -0.066659696 0.999967813 0.001042528 0.007952617 3.576516867
0.007904067 0.047852285 -0.998823166 2.666979074 -0.001586567 0.998853683 0.047841199 -0.063802928 0.999967456 0.001206560 0.007970927 3.577469349
0.007624370 0.048784558 -0.998780191 2.618758202 -0.003119600 0.998805583 0.048761979 -0.063379653 0.999966025 0.002744015 0.007767451 3.578363657
0.009100722 0.049090214 -0.998752832 2.566863060 -0.002681433 0.998791873 0.049067684 -0.060902476 0.999954998 0.002231538 0.009221358 3.578328848
0.010227336 0.049974587 -0.998698115 2.518617630 -0.002705679 0.998748004 0.049949382 -0.058734283 0.999944031 0.002191307 0.010349747 3.578125477
0.009973988 0.051515501 -0.998622358 2.467117310 -0.002112905 0.998670936 0.051496904 -0.057419509 0.999948025 0.001596365 0.010069580 3.579048634
0.010070262 0.051608365 -0.998616576 2.418852568 -0.001328981 0.998667121 0.051597573 -0.055148281 0.999948442 0.000807541 0.010125426 3.578688145
0.007910684 0.051207189 -0.998656690 2.368892908 -0.001272181 0.998687625 0.051198706 -0.053299747 0.999967873 0.000865455 0.007965447 3.580424547
0.008074106 0.051101487 -0.998660862 2.319952011 -0.001366686 0.998692989 0.051092084 -0.051476680 0.999966502 0.000952333 0.008133393 3.579866171
0.004568569 0.049567558 -0.998760343 2.270285606 -0.000137697 0.998770893 0.049567439 -0.049052566 0.999989510 -0.000088925 0.004569778 3.581995249
0.002439596 0.049843796 -0.998754025 2.222611904 -0.000567249 0.998757005 0.049842555 -0.047859851 0.999996841 0.000444947 0.002464838 3.582357883
0.000046398 0.048723567 -0.998812258 2.173583031 -0.000823079 0.998811960 0.048723508 -0.045505047 0.999999642 0.000819840 0.000086446 3.583441973
-0.000475316 0.049862426 -0.998755991 2.126623392 -0.003130792 0.998751104 0.049863674 -0.044114858 0.999994993 0.003150599 -0.000318614 3.583441734
-0.002172548 0.050375331 -0.998727977 2.079789400 -0.003492776 0.998723805 0.050382715 -0.042540148 0.999991477 0.003597792 -0.001993826 3.584547997
-0.000796001 0.050605714 -0.998718381 2.034429312 -0.004318272 0.998709261 0.050608683 -0.040459536 0.999990344 0.004353022 -0.000576444 3.584160089
-0.000018079 0.052335195 -0.998629570 1.985991478 -0.006685991 0.998607218 0.052334145 -0.037833698 0.999977589 0.006677775 0.000331860 3.584069014
0.000836526 0.052577682 -0.998616457 1.937697887 -0.006631876 0.998595178 0.052571002 -0.034809537 0.999977648 0.006578724 0.001184039 3.584411621
0.002618853 0.055000734 -0.998482883 1.892589569 -0.007141554 0.998461962 0.054980837 -0.034576833 0.999971092 0.006986734 0.003007616 3.585488796
0.004764632 0.054214720 -0.998517990 1.844536662 -0.005802214 0.998513937 0.054186817 -0.032029927 0.999971867 0.005535434 0.005072118 3.586034775
0.005930960 0.054099854 -0.998517931 1.798767924 -0.003961273 0.998528898 0.054076921 -0.030190282 0.999974489 0.003634675 0.006136540 3.587431192
0.006790044 0.053995848 -0.998518050 1.750358462 -0.004566886 0.998532295 0.053965565 -0.028126657 0.999966443 0.004193690 0.007026672 3.588722229
0.008706775 0.053296220 -0.998540759 1.705958843 -0.002452509 0.998576760 0.053276755 -0.025955513 0.999959111 0.001985061 0.008825093 3.589022398
0.009561673 0.053806297 -0.998505592 1.659653664 -0.002567098 0.998549283 0.053784061 -0.024328694 0.999951005 0.002048997 0.009685928 3.590146780
0.011562870 0.053626876 -0.998494089 1.613440514 -0.002259030 0.998559713 0.053604241 -0.022195827 0.999930620 0.001635810 0.011667361 3.590446234
0.013052948 0.053688806 -0.998472393 1.567952275 -0.001752408 0.998557150 0.053670447 -0.020534404 0.999913275 0.001049174 0.013128198 3.591031790
0.014665514 0.051762890 -0.998551726 1.523459673 0.000654808 0.998658359 0.051778037 -0.017698128 0.999892235 -0.001413211 0.014611945 3.592188120
0.015821712 0.051343288 -0.998555660 1.478904366 -0.001433605 0.998680830 0.051327009 -0.016713444 0.999873817 0.000619453 0.015874445 3.592462063
0.015792811 0.049902834 -0.998629212 1.434273720 0.000404730 0.998753369 0.049915437 -0.014118519 0.999875247 -0.001192481 0.015752923 3.594333887
0.015808091 0.050488424 -0.998599529 1.389445066 0.002125814 0.998720348 0.050528191 -0.012554925 0.999872744 -0.002921591 0.015680535 3.595161200
0.016296871 0.051605720 -0.998534501 1.345357060 0.002013010 0.998663545 0.051645234 -0.011456527 0.999865115 -0.002851717 0.016171206 3.595613718
0.015952557 0.052409694 -0.998498261 1.299708605 0.003606081 0.998615801 0.052473485 -0.009273972 0.999866247 -0.004437752 0.015741481 3.597554207
0.015938763 0.053194601 -0.998457015 1.256095171 0.004072179 0.998572052 0.053265743 -0.007613726 0.999864638 -0.004914886 0.015699385 3.598956108
0.017023025 0.053850405 -0.998403907 1.212903500 0.004737864 0.998533010 0.053938150 -0.005285744 0.999843895 -0.005648491 0.016742917 3.599699736
0.017857997 0.055705264 -0.998287559 1.171028376 0.006588124 0.998418391 0.055830430 -0.003881924 0.999818861 -0.007573862 0.017462762 3.601445198
0.020342734 0.056200095 -0.998212218 1.127324343 0.004411162 0.998404026 0.056300789 -0.001953870 0.999783278 -0.005548588 0.020062363 3.602054358
0.023234453 0.056481045 -0.998133302 1.086997867 0.006166618 0.998375654 0.056638312 -0.000388760 0.999710977 -0.007471066 0.022848422 3.603452444
0.025628688 0.055104762 -0.998151600 1.045186281 0.004720060 0.998461783 0.055243071 0.001367215 0.999660373 -0.006127144 0.025329171 3.605183840
0.028529765 0.053994767 -0.998133600 1.006380200 0.005669194 0.998515189 0.054177459 0.002547540 0.999576926 -0.007204282 0.028181298 3.606745243
0.032170437 0.052231699 -0.998116612 0.967387497 0.004656615 0.998615026 0.052407857 0.004633103 0.999471545 -0.006333830 0.031882651 3.607915640
0.036431395 0.051971145 -0.997983813 0.929915905 0.006160454 0.998616159 0.052228969 0.005927928 0.999317169 -0.008050810 0.036060818 3.608802319
0.038885061 0.052767981 -0.997849405 0.893625200 0.005133387 0.998580933 0.053006705 0.007310808 0.999230504 -0.007183516 0.038558990 3.610590696
0.040705703 0.052158400 -0.997808874 0.859078467 0.004521649 0.998616695 0.052385092 0.009608749 0.999161005 -0.006644113 0.040413551 3.612642050
0.041941877 0.054121766 -0.997653127 0.825822532 0.007205094 0.998489439 0.054470040 0.010085613 0.999094009 -0.009472761 0.041488569 3.614635706
0.043065850 0.053874902 -0.997618556 0.792677045 0.008542892 0.998488665 0.054290671 0.011460416 0.999035716 -0.010860623 0.042540509 3.616208553
0.043332249 0.054359078 -0.997580767 0.760347605 0.010041179 0.998444557 0.054842297 0.012815341 0.999010265 -0.012393330 0.042719025 3.618491173
0.043510422 0.053275764 -0.997631431 0.729408503 0.011925536 0.998478293 0.053841092 0.014722912 0.998981833 -0.014239938 0.042808872 3.620831013
0.045211282 0.051933825 -0.997626603 0.699672699 0.012817149 0.998535514 0.052561987 0.016112518 0.998895228 -0.015163125 0.044479430 3.621547222
0.046065301 0.052724227 -0.997546077 0.671852350 0.014975348 0.998457491 0.053463940 0.015780445 0.998826206 -0.017401429 0.045204684 3.622852087
0.043666687 0.050691243 -0.997759223 0.642375052 0.017344611 0.998522937 0.051489118 0.017952727 0.998895526 -0.019554108 0.042722959 3.624756813
0.039184377 0.049995776 -0.997980416 0.615246773 0.019732701 0.998514056 0.050797272 0.018865826 0.999037087 -0.021683313 0.038139597 3.626537800
0.031449668 0.050031103 -0.998252332 0.589024901 0.022512166 0.998457611 0.050750632 0.019585460 0.999251783 -0.024068914 0.030274857 3.627407789
0.019557834 0.049149189 -0.998599887 0.563676119 0.025132451 0.998451293 0.049634084 0.021097943 0.999492824 -0.026068000 0.018292300 3.627860308
0.004616245 0.049598895 -0.998758495 0.540113628 0.026035275 0.998424649 0.049702644 0.021354580 0.999650359 -0.026232397 0.003317652 3.627351046
-0.013061568 0.050247189 -0.998651385 0.517741382 0.026067311 0.998414278 0.049894314 0.021955557 0.999574959 -0.025380457 -0.014350665 3.625815630
-0.034222677 0.051437747 -0.998089671 0.497022212 0.026270371 0.998375893 0.050551731 0.022751633 0.999068856 -0.024490170 -0.035518385 3.624005795
-0.060431033 0.051580638 -0.996838808 0.477790058 0.028070528 0.998356819 0.049957473 0.023249548 0.997777522 -0.024962805 -0.061779618 3.621960163
-0.091624081 0.050784022 -0.994497836 0.458660066 0.031012746 0.998359799 0.048123989 0.023552250 0.995310605 -0.026432795 -0.093048736 3.618094444
-0.129584268 0.049060795 -0.990353942 0.440375745 0.031673860 0.998470306 0.045318458 0.024360709 0.991062343 -0.025495771 -0.130940005 3.614215851
-0.169905618 0.049417291 -0.984220505 0.422872841 0.029188309 0.998556018 0.045098308 0.024282880 0.985028028 -0.021065269 -0.171102673 3.608861446
-0.214951098 0.049366254 -0.975376308 0.405672491 0.026007665 0.998656809 0.044813033 0.024983693 0.976278424 -0.015734643 -0.215946242 3.602921009
-0.261555880 0.049028665 -0.963942230 0.389649510 0.023615537 0.998735070 0.044390477 0.025532201 0.964899302 -0.011153424 -0.262382835 3.595579386
-0.311071545 0.047288518 -0.949209332 0.374177337 0.023134315 0.998842120 0.042179670 0.026723675 0.950104833 -0.008838414 -0.311805308 3.588195562
-0.360903502 0.047288094 -0.931403458 0.359780669 0.022920536 0.998861730 0.041831668 0.027021006 0.932321370 -0.006251073 -0.361576647 3.579248667
-0.413993776 0.046053808 -0.909113944 0.345876336 0.020007774 0.998938441 0.041492946 0.027217969 0.910059810 -0.001011522 -0.414475650 3.570335388
-0.465493292 0.044546265 -0.883929610 0.333076715 0.017489070 0.999000549 0.041135278 0.027354814 0.884878576 0.003689093 -0.465807080 3.560027122
-0.516886055 0.042071398 -0.855019748 0.320748925 0.015341114 0.999086499 0.039886042 0.028181255 0.855916798 0.007499580 -0.517059207 3.549131870
-0.567396224 0.039899420 -0.822477698 0.309309602 0.013574494 0.999142885 0.039105140 0.028438359 0.823333025 0.011023386 -0.567451537 3.537658691
-0.616775990 0.037826478 -0.786229372 0.298205137 0.011494287 0.999170959 0.039054409 0.028552480 0.787054777 0.015050671 -0.616699398 3.525356770
-0.665266633 0.036796857 -0.745698571 0.286568999 0.014457786 0.999232352 0.036409244 0.029943854 0.746465921 0.013440705 -0.665287852 3.512217999
-0.710055649 0.043270610 -0.702814817 0.276136041 0.023453649 0.999009609 0.037811331 0.030209832 0.703754961 0.010364576 -0.710367262 3.497588634
-0.752273202 0.049809843 -0.656965852 0.267137170 0.031169780 0.998712182 0.040028740 0.030537680 0.658113658 0.009635066 -0.752856970 3.482265234
-0.794145703 0.050275292 -0.605644286 0.257564902 0.031674493 0.998641849 0.041365612 0.031560041 0.606901467 0.013666857 -0.794659615 3.465907812
-0.833497822 0.048983742 -0.550347269 0.249336362 0.030394169 0.998618960 0.042850457 0.032502085 0.551686168 0.018988416 -0.833835661 3.448659420
-0.868064463 0.050028916 -0.493924230 0.243528008 0.032028154 0.998480320 0.044845730 0.032752380 0.495417237 0.023109501 -0.868347704 3.430534363
-0.898936689 0.049489606 -0.435274184 0.237397909 0.033610407 0.998461068 0.044109743 0.033511415 0.436787307 0.025022123 -0.899216652 3.411464214
-0.924560845 0.049070690 -0.377861738 0.232050598 0.035814717 0.998474061 0.042033713 0.034161597 0.379347831 0.025329711 -0.924907386 3.391205549
-0.945654213 0.049304843 -0.321414113 0.227501988 0.038092222 0.998429239 0.041085087 0.034017190 0.322934985 0.026608907 -0.946047008 3.369775534
-0.962196648 0.047752280 -0.268136859 0.223942935 0.039230771 0.998542964 0.037051935 0.035047248 0.269515485 0.025132028 -0.962668061 3.347836971
-0.974981248 0.045564007 -0.217567384 0.220795214 0.038956206 0.998642862 0.034566741 0.035548449 0.218847126 0.025226325 -0.975432992 3.323854208
-0.983725786 0.044724368 -0.174021110 0.218699217 0.039964009 0.998727500 0.030765356 0.036087945 0.175175607 0.023310095 -0.984261215 3.299879074
-0.989579916 0.046120208 -0.136399403 0.216218188 0.042857319 0.998722672 0.026763760 0.036597610 0.137459546 0.020639166 -0.990292311 3.274310827
-0.993306696 0.046444010 -0.105758034 0.214400902 0.044352107 0.998772562 0.022048077 0.037838019 0.106652208 0.017209910 -0.994147480 3.247256279
-0.995785296 0.044854250 -0.079998657 0.212631494 0.043319330 0.998844266 0.020821083 0.038001798 0.080840111 0.017267838 -0.996577442 3.218935013
-0.997214794 0.042166926 -0.061519589 0.212036818 0.040912710 0.998931229 0.021506898 0.038054034 0.062360719 0.018930063 -0.997874141 3.189443350
-0.998090625 0.042190377 -0.045112420 0.210813314 0.041245010 0.998913825 0.021685515 0.038811751 0.045978334 0.019783448 -0.998746514 3.157495975
-0.998462796 0.043693554 -0.034102891 0.210343361 0.042966895 0.998839557 0.021757806 0.039427102 0.035013985 0.020259066 -0.999181449 3.125103474
-0.998760223 0.043541934 -0.024125898 0.209340245 0.043010440 0.998829544 0.022127753 0.039525911 0.025061145 0.021062654 -0.999464035 3.091985464
-0.998862088 0.044153430 -0.018025000 0.209280372 0.043761149 0.998808324 0.021606855 0.040427513 0.018957537 0.020793473 -0.999604046 3.057187796
-0.998938143 0.044208821 -0.012978886 0.208288163 0.043932572 0.998816907 0.020849789 0.040890820 0.013885274 0.020257447 -0.999698400 3.022635698
-0.999028563 0.042583000 -0.011340026 0.208482563 0.042345025 0.998893559 0.020457435 0.041188549 0.012198618 0.019957365 -0.999726474 2.986897230
-0.999038577 0.042498369 -0.010762981 0.207684934 0.042276882 0.998905122 0.020031767 0.041916128 0.011602513 0.019557483 -0.999741435 2.949747324
-0.998993218 0.043507691 -0.010935626 0.206688136 0.043282125 0.998861074 0.020080393 0.042604029 0.011796821 0.019586861 -0.999738574 2.911978483
-0.998868525 0.045964301 -0.012206986 0.206193760 0.045713238 0.998752177 0.020106494 0.043018173 0.013115935 0.019525718 -0.999723315 2.872659445
-0.998827994 0.046827860 -0.012251006 0.205264553 0.046566729 0.998698592 0.020797007 0.043532111 0.013208943 0.020202138 -0.999708652 2.833110094
-0.998802245 0.047446936 -0.011947564 0.204574212 0.047181714 0.998653173 0.021580515 0.044503335 0.012955403 0.020990962 -0.999695718 2.791768074
-0.998763621 0.048746303 -0.009744075 0.203400016 0.048523623 0.998581648 0.021913774 0.045339178 0.010798468 0.021413863 -0.999712348 2.750430822
-0.998703897 0.050323587 -0.007617476 0.203521788 0.050125539 0.998447895 0.024273165 0.045565940 0.008827168 0.023859873 -0.999676287 2.707407236
-0.998678565 0.051284447 -0.003288798 0.202516049 0.051177669 0.998326361 0.026929621 0.046386503 0.004664364 0.026725726 -0.999631882 2.665539026
-0.998643696 0.052063163 -0.000165570 0.202877685 0.052037738 0.998245835 0.028237386 0.047150105 0.001635407 0.028190473 -0.999601245 2.622260332
-0.998638093 0.052105844 0.002613769 0.203407854 0.052159291 0.998230815 0.028542096 0.047798164 -0.001121935 0.028639557 -0.999589205 2.580876350
-0.998637497 0.051760290 0.006657112 0.203502908 0.051925730 0.998266757 0.027697299 0.048898421 -0.005211954 0.028005231 -0.999594152 2.537913799
-0.998576403 0.052261826 0.010676134 0.203893930 0.052534144 0.998252571 0.027055994 0.049199209 -0.009243483 0.027578335 -0.999576926 2.496234894
-0.998488963 0.052758411 0.015372461 0.204593569 0.053142615 0.998254657 0.025759378 0.049999222 -0.013986607 0.026537390 -0.999549925 2.453208447
-0.998461962 0.051946726 0.019369645 0.206454664 0.052430838 0.998301923 0.025384609 0.050477475 -0.018018104 0.026361138 -0.999490142 2.410872221
-0.998384356 0.051791765 0.023373172 0.207304507 0.052376494 0.998310983 0.025139477 0.051081233 -0.022031672 0.026323065 -0.999410629 2.369977713
-0.998322904 0.051688049 0.026071290 0.208619922 0.052334078 0.998323143 0.024736891 0.051856160 -0.024748972 0.026059819 -0.999354005 2.326205969
-0.998205185 0.052641314 0.028554155 0.209671259 0.053366370 0.998255610 0.025253300 0.052357841 -0.027174979 0.026731808 -0.999273241 2.283895731
-0.997995019 0.055021912 0.031282309 0.210103840 0.055841524 0.998102129 0.025959454 0.052879337 -0.029794596 0.027654260 -0.999173403 2.242968082
-0.997919977 0.055219937 0.033262506 0.211451441 0.056081347 0.998099267 0.025545763 0.053587440 -0.031788647 0.027358036 -0.999120116 2.200767517
-0.997942388 0.054403026 0.033931982 0.213730335 0.055256382 0.998165607 0.024739265 0.054403856 -0.032523852 0.026563317 -0.999117911 2.161695957
-0.997787416 0.055124085 0.037170798 0.213815138 0.056023195 0.998150587 0.023596488 0.055518921 -0.035801321 0.025626708 -0.999030232 2.119969368
-0.997708440 0.055247989 0.039057188 0.214991122 0.056254376 0.998099446 0.025155013 0.054489084 -0.037593193 0.027294502 -0.998920321 2.080592871
-0.997615755 0.055324979 0.041253127 0.215309858 0.056353413 0.998117507 0.024197508 0.055804390 -0.039836738 0.026464568 -0.998855710 2.042611599
-0.997711778 0.054078102 0.040582333 0.217211872 0.055146340 0.998147964 0.025681103 0.055221733 -0.039118391 0.027860306 -0.998846114 2.003945112
-0.997727454 0.054160181 0.040085003 0.219016254 0.055202674 0.998152673 0.025373029 0.055674043 -0.038636755 0.027528169 -0.998874009 1.966098666
-0.997867763 0.052187920 0.039196432 0.221191525 0.053160805 0.998292625 0.024202064 0.056785278 -0.037866451 0.026234174 -0.998938322 1.928809643
-0.997862935 0.051515818 0.040195040 0.222119451 0.052618846 0.998252749 0.026883664 0.055937022 -0.038739868 0.028941231 -0.998830140 1.892207265
-0.997823954 0.051901933 0.040661920 0.222907513 0.052940406 0.998287320 0.024892194 0.057232831 -0.039300319 0.026990684 -0.998862863 1.854910612
-0.997747004 0.052384954 0.041913573 0.223299801 0.053356424 0.998324096 0.022404313 0.057685237 -0.040669676 0.024590196 -0.998869956 1.819522142
-0.997809589 0.053079691 0.039478153 0.224874184 0.053940423 0.998321891 0.021065999 0.058235504 -0.038293727 0.023149328 -0.998998344 1.784474373
-0.997931361 0.052430917 0.037202302 0.226291060 0.053286035 0.998328507 0.022378271 0.058608163 -0.035966802 0.024314344 -0.999057114 1.749905109
-0.998158216 0.049008522 0.035755504 0.227329373 0.049918722 0.998439670 0.025023608 0.059370384 -0.034473352 0.026762391 -0.999047220 1.716455579
-0.998387039 0.045657251 0.033743061 0.228973702 0.046657328 0.998476088 0.029469773 0.059665564 -0.032346129 0.030996608 -0.998995960 1.682290554
-0.998416662 0.045427408 0.033175755 0.229908988 0.046485554 0.998411000 0.031852372 0.060344663 -0.031676069 0.033344124 -0.998941779 1.650268912
-0.998367906 0.046549324 0.033081952 0.230893433 0.047747921 0.998195410 0.036414985 0.060534853 -0.031327158 0.037935149 -0.998788953 1.617797136
-0.998268843 0.047830947 0.034227841 0.231462002 0.049131136 0.998061121 0.038210720 0.060958657 -0.032333832 0.039826222 -0.998683333 1.587904334
-0.998447657 0.044097815 0.034024596 0.232914299 0.045368697 0.998265088 0.037530757 0.061545257 -0.032310538 0.039016146 -0.998716056 1.558635235
-0.998688459 0.039512023 0.032559760 0.234633684 0.040650871 0.998556972 0.035090607 0.062382158 -0.031126279 0.036368165 -0.998853564 1.530707479
-0.998704791 0.038838990 0.032867450 0.235496089 0.039975457 0.998599470 0.034656849 0.063412093 -0.031475384 0.035925865 -0.998858631 1.503592610
-0.998675227 0.040059254 0.032293133 0.236298099 0.041215081 0.998503089 0.035958085 0.064105704 -0.030804336 0.037241418 -0.998831451 1.477210522
-0.998643935 0.040697299 0.032465246 0.236768469 0.041914053 0.998408854 0.037722491 0.064562738 -0.030878387 0.039032087 -0.998760760 1.451001048
-0.998472035 0.044426769 0.032857992 0.237038672 0.045622252 0.998288929 0.036575608 0.065814771 -0.031176833 0.038018778 -0.998790622 1.426257014
-0.998599946 0.041260861 0.033100788 0.237897456 0.042514108 0.998369396 0.038096130 0.065403484 -0.031474933 0.039450049 -0.998725712 1.400348783
-0.998582602 0.040655103 0.034351058 0.238578230 0.041969188 0.998379171 0.038441189 0.066068605 -0.032732554 0.039828390 -0.998670220 1.375682235
-0.998531580 0.041097481 0.035293933 0.239673451 0.042461511 0.998344183 0.038809597 0.066867545 -0.033640515 0.040251251 -0.998623073 1.349560380
-0.998503625 0.041385625 0.035745293 0.240692735 0.042746957 0.998355389 0.038198616 0.067746706 -0.034105632 0.039669465 -0.998630583 1.324535131
-0.998477578 0.041719332 0.036087304 0.241096616 0.043064978 0.998373747 0.037351649 0.069089293 -0.034470331 0.038848881 -0.998650312 1.298884392
-0.998468757 0.041594133 0.036470436 0.241755411 0.042937022 0.998398125 0.036845442 0.069506332 -0.034879461 0.038354952 -0.998655200 1.275644541
-0.998425782 0.042373061 0.036752474 0.242327824 0.043639902 0.998455524 0.034380626 0.070583984 -0.035238896 0.035930369 -0.998732805 1.250075579
-0.998385727 0.043253683 0.036814243 0.242860660 0.044460893 0.998478055 0.032630105 0.071372829 -0.035346843 0.034214225 -0.998789191 1.226207137
-0.998418093 0.042976372 0.036250591 0.244192734 0.044201244 0.998454332 0.033692665 0.071538091 -0.034746561 0.035241690 -0.998774588 1.200521708
-0.998393834 0.043169115 0.036689788 0.243771031 0.044402700 0.998451889 0.033499748 0.072141565 -0.035186838 0.035075061 -0.998765111 1.178202510
-0.998499036 0.043431532 0.033366568 0.245825335 0.044524174 0.998471916 0.032732535 0.073031560 -0.031893957 0.034169018 -0.998907030 1.149695754
-0.998493671 0.045116305 0.031222289 0.245966494 0.046033181 0.998510182 0.029298009 0.073571905 -0.029853955 0.030691138 -0.999082983 1.124611616
-0.998561382 0.044747528 0.029543355 0.246468216 0.045428813 0.998707175 0.022806350 0.074493147 -0.028484633 0.024115661 -0.999303281 1.098694086
-0.998638153 0.043686118 0.028517872 0.247407615 0.044323683 0.998772264 0.022120958 0.074167661 -0.027516482 0.023354851 -0.999348462 1.071642995
-0.998653293 0.043554518 0.028189043 0.247641712 0.044206601 0.998758972 0.022938056 0.074953288 -0.027155004 0.024153307 -0.999339342 1.045094848
-0.998662412 0.044079509 0.027028708 0.248751298 0.044717729 0.998723626 0.023481322 0.075745575 -0.025959166 0.024658576 -0.999358833 1.017813206
-0.998673260 0.044031017 0.026701715 0.249406382 0.044641118 0.998745143 0.022700254 0.076254070 -0.025668694 0.023862133 -0.999385595 0.989563048
-0.998666048 0.044693332 0.025860002 0.250657737 0.045260187 0.998738050 0.021766439 0.076933101 -0.024854554 0.022907825 -0.999428570 0.961968482
-0.998621643 0.045346942 0.026434168 0.250351459 0.045997728 0.998639762 0.024553465 0.077081546 -0.025284791 0.025735525 -0.999348998 0.933050275
-0.998753607 0.042707846 0.025837697 0.251301259 0.043411363 0.998683929 0.027309218 0.077417001 -0.024637381 0.028396826 -0.999293149 0.904665411
-0.998805404 0.041876178 0.025183031 0.252123952 0.042528220 0.998758495 0.025938777 0.077568971 -0.024065545 0.026978778 -0.999346197 0.875401556
-0.998797297 0.042228870 0.024913913 0.252768070 0.042808607 0.998813570 0.023214219 0.078332976 -0.023904044 0.024252826 -0.999419928 0.846893132
-0.998772740 0.043427281 0.023813630 0.253613174 0.043928079 0.998815536 0.020925712 0.078947194 -0.022876674 0.021946117 -0.999497414 0.817547679
-0.998830497 0.042027198 0.023901798 0.253821343 0.042504273 0.998899758 0.019815071 0.079665720 -0.023042731 0.020807829 -0.999517858 0.787023962
-0.998889506 0.040957302 0.023285009 0.254348844 0.041420922 0.998945773 0.019789623 0.079954185 -0.022449931 0.020732136 -0.999532938 0.756468058
-0.998974204 0.039628737 0.021909852 0.255082190 0.040061090 0.999003768 0.019659733 0.080275901 -0.021108937 0.020517301 -0.999566615 0.726194024
-0.998992085 0.039737616 0.020872373 0.255630910 0.040150955 0.998998106 0.019772118 0.081203088 -0.020065762 0.020590238 -0.999586642 0.694017291
-0.998996556 0.040138584 0.019868482 0.255857855 0.040548138 0.998964131 0.020658270 0.081662074 -0.019018702 0.021443170 -0.999589264 0.663142979
-0.999023855 0.040114176 0.018501850 0.256385744 0.040496510 0.998963773 0.020774655 0.081743471 -0.017649317 0.021503635 -0.999613047 0.631896079
-0.999014914 0.041074235 0.016793083 0.256935090 0.041430485 0.998911262 0.021447798 0.082119450 -0.015893849 0.022122417 -0.999628901 0.599541962
-0.998914838 0.043860927 0.015666900 0.256569862 0.044193860 0.998789907 0.021577280 0.082084745 -0.014701542 0.022246247 -0.999644399 0.567789674
-0.998987675 0.042664010 0.014262081 0.257304460 0.042960107 0.998853028 0.021143004 0.082797162 -0.013343680 0.021734303 -0.999674737 0.536314368
-0.999039590 0.041940250 0.012684647 0.258026868 0.042210378 0.998870075 0.021836083 0.083148234 -0.011754504 0.022350539 -0.999681175 0.505374193
-0.999079227 0.041256551 0.011773228 0.257996947 0.041517187 0.998876989 0.022826223 0.083590887 -0.010818274 0.023293998 -0.999670088 0.473688185
-0.999080837 0.041562334 0.010489059 0.258441657 0.041794106 0.998862803 0.022940578 0.084264651 -0.009523666 0.023357870 -0.999681830 0.442874908
-0.999024272 0.043032296 0.009934285 0.258102775 0.043252930 0.998795211 0.023179330 0.084622212 -0.008924856 0.023586402 -0.999681950 0.411835611
-0.998945475 0.045142796 0.008371972 0.258198351 0.045333810 0.998677850 0.024234664 0.084807687 -0.007266883 0.024588641 -0.999671221 0.380704373
-0.998902321 0.046439301 0.006131020 0.258288831 0.046573672 0.998627067 0.023976384 0.085044704 -0.005009158 0.024235610 -0.999693751 0.350358129
-0.998917937 0.046330009 0.004046725 0.258420169 0.046409536 0.998669565 0.022475597 0.085687861 -0.003000047 0.022639085 -0.999739230 0.320502937
-0.998985052 0.044952989 0.002844553 0.258640617 0.045002915 0.998766184 0.020991733 0.085873857 -0.001897403 0.021098442 -0.999775589 0.289775699
-0.999076128 0.042960346 0.001099465 0.258302987 0.042973299 0.998907804 0.018345376 0.085998237 -0.000310140 0.018375678 -0.999831021 0.261701375
-0.999087572 0.042695627 -0.001055487 0.258296967 0.042669013 0.998919845 0.018403035 0.085785940 0.001840076 0.018341208 -0.999830067 0.232706398
-0.998944998 0.045833141 -0.002822652 0.257417887 0.045774966 0.998788714 0.018047655 0.086797915 0.003646413 0.017899411 -0.999833047 0.203854442
-0.998836577 0.047922425 -0.005363957 0.257157505 0.047810361 0.998668611 0.019368611 0.086543277 0.006285007 0.019089630 -0.999798000 0.174691856
-0.998769462 0.048878394 -0.008387282 0.256589055 0.048710145 0.998628199 0.019212574 0.086655907 0.009314856 0.018780386 -0.999780238 0.145965636
-0.998791218 0.047424536 -0.012919102 0.255907089 0.047192365 0.998728633 0.017719664 0.086899430 0.013743022 0.017088560 -0.999759495 0.117466100
-0.998914301 0.042599481 -0.018851681 0.255721152 0.042273954 0.998955488 0.017342176 0.086945444 0.019570759 0.016526416 -0.999671817 0.089843974
