1.000000000 0.000000000 0.000000000 0.000000000 0.000000000 1.000000000 0.000000000 0.000000000 0.000000000 0.000000000 1.000000000 0.000000000
0.999999285 -0.000217185 0.001174085 0.002933603 0.000217671 0.999999881 -0.000413300 -0.001282860 -0.001173996 0.000413556 0.999999225 0.435159564
0.999996245 0.001844267 0.002015560 0.002530885 -0.001838792 0.999994636 -0.002714769 -0.003733326 -0.002020556 0.002711053 0.999994278 0.861045599
0.999993265 0.003054811 0.002043481 -0.003142918 -0.003044182 0.999981940 -0.005184469 -0.004853363 -0.002059282 0.005178213 0.999984443 1.281755209
0.999997914 0.001996792 -0.000266516 0.000773519 -0.001998157 0.999984384 -0.005220634 -0.015748262 0.000256087 0.005221157 0.999986351 1.712897182
0.999992609 -0.001088406 -0.003673368 0.003637283 0.001066117 0.999981046 -0.006064070 -0.018066462 0.003679899 0.006060109 0.999974847 2.130760431
0.999959230 -0.004442901 -0.007860522 0.006700503 0.004403404 0.999977708 -0.005034897 -0.022851489 0.007882715 0.005000079 0.999956429 2.547244549
0.999899626 -0.006586189 -0.012538386 0.007115833 0.006531462 0.999969006 -0.004400767 -0.029217727 0.012566981 0.004318431 0.999911726 2.964895248
0.999860227 -0.004741515 -0.016031936 -0.010266580 0.004682114 0.999982059 -0.003740594 -0.036924843 0.016049385 0.003665008 0.999864399 3.373259306
0.999786317 -0.003774316 -0.020322757 -0.021340769 0.003699780 0.999986291 -0.003703944 -0.042678334 0.020336458 0.003627963 0.999786556 3.780284643
0.999688029 -0.003527080 -0.024725255 -0.033840165 0.003427171 0.999985814 -0.004081994 -0.050191261 0.024739299 0.003995983 0.999685943 4.179082870
0.999587119 -0.003174064 -0.028559109 -0.049098872 0.003068652 0.999988377 -0.003734056 -0.055596061 0.028570624 0.003644876 0.999585092 4.571503639
0.999443531 -0.004129558 -0.033098552 -0.059012823 0.004000369 0.999984145 -0.003968451 -0.060164295 0.033114407 0.003833835 0.999444127 4.965084553
0.999256074 -0.004533107 -0.038300045 -0.072313935 0.004324114 0.999975324 -0.005537809 -0.062820479 0.038324207 0.005368073 0.999250948 5.347380161
0.999067008 -0.005523465 -0.042832516 -0.086153880 0.005282218 0.999969542 -0.005743463 -0.069986835 0.042862937 0.005511854 0.999065757 5.725124359
0.998897254 -0.005008321 -0.046683084 -0.106437221 0.004781050 0.999976218 -0.004978774 -0.078034237 0.046706896 0.004750090 0.998897254 6.092814922
0.998760998 -0.003092219 -0.049667835 -0.132413104 0.002880646 0.999986410 -0.004330767 -0.083732158 0.049680553 0.004182327 0.998756409 6.439936161
0.998603344 -0.002691702 -0.052765664 -0.152635589 0.002499598 0.999989986 -0.003706346 -0.089601494 0.052775115 0.003569277 0.998600066 6.780915737
0.998461843 -0.001756690 -0.055414200 -0.169946030 0.001565223 0.999992669 -0.003498424 -0.095765561 0.055419944 0.003406307 0.998457313 7.107852936
0.998375952 -0.000663554 -0.056964550 -0.193944320 0.000433271 0.999991715 -0.004054816 -0.100285366 0.056966767 0.004023550 0.998368025 7.422502995
0.998283565 -0.000480888 -0.058562085 -0.211795926 0.000203690 0.999988735 -0.004739287 -0.105941996 0.058563709 0.004719224 0.998272538 7.724225998
0.998187125 -0.000756007 -0.060180739 -0.230105281 0.000437666 0.999985874 -0.005302757 -0.113165110 0.060183898 0.005266806 0.998173416 8.010976791
0.998104632 -0.000321842 -0.061538797 -0.249454230 -0.000051698 0.999981642 -0.006068302 -0.118282482 0.061539609 0.006059983 0.998086274 8.285779953
0.997992158 0.000508530 -0.063334808 -0.267365336 -0.000993768 0.999970376 -0.007630209 -0.123072520 0.063329063 0.007677828 0.997963190 8.549892426
0.997953117 0.002243379 -0.063909754 -0.284577012 -0.002798926 0.999958992 -0.008604473 -0.128906488 0.063887835 0.008765738 0.997918546 8.813257217
0.997900665 0.001833693 -0.064736962 -0.300055653 -0.002441002 0.999953747 -0.009303330 -0.136577040 0.064716905 0.009441825 0.997858942 9.068318367
0.997886062 0.001352769 -0.064972818 -0.316798449 -0.002030574 0.999944150 -0.010367241 -0.140202701 0.064955153 0.010477259 0.997833192 9.314480782
0.997832716 0.000051541 -0.065802678 -0.331401020 -0.000802736 0.999934912 -0.011389479 -0.149219006 0.065797791 0.011417616 0.997767687 9.558113098
0.997760952 0.001273916 -0.066867843 -0.348336458 -0.002169343 0.999908864 -0.013320100 -0.152671278 0.066844784 0.013435336 0.997672856 9.803777695
0.997716784 0.002990981 -0.067469612 -0.368808627 -0.003914545 0.999900401 -0.013560542 -0.156753883 0.067422323 0.013793694 0.997629106 10.045045853
0.997609794 0.005148728 -0.068907738 -0.386225820 -0.005975927 0.999912500 -0.011803696 -0.158804029 0.068840921 0.012187268 0.997553229 10.286083221
0.997599185 0.003852392 -0.069144234 -0.402477592 -0.004458592 0.999952972 -0.008615009 -0.161945283 0.069107793 0.008902615 0.997569442 10.527373314
0.997580230 0.002742319 -0.069470637 -0.415921777 -0.003226022 0.999971390 -0.006851463 -0.165351719 0.069449864 0.007058998 0.997560501 10.768482208
0.997579992 0.001071920 -0.069520079 -0.426484197 -0.001667654 0.999962389 -0.008511779 -0.172638983 0.069508351 0.008607117 0.997544289 11.010555267
0.997586429 0.001769580 -0.069413297 -0.446395338 -0.002532267 0.999937356 -0.010901175 -0.182647675 0.069389664 0.011050640 0.997528374 11.236233711
0.997597814 0.002570480 -0.069223806 -0.464335084 -0.003418153 0.999920487 -0.012129732 -0.190441012 0.069187135 0.012337212 0.997527421 11.464699745
0.997606099 0.003384144 -0.069068305 -0.479766876 -0.004274125 0.999909699 -0.012741817 -0.197236389 0.069018945 0.013006522 0.997530580 11.693587303
0.997603416 0.003183142 -0.069118753 -0.491996557 -0.004107811 0.999903917 -0.013239953 -0.203793809 0.069069959 0.013492148 0.997520626 11.928184509
0.997639835 0.001336494 -0.068650626 -0.505354524 -0.002244971 0.999910891 -0.013157890 -0.207480028 0.068626910 0.013280956 0.997554004 12.154038429
0.997692227 0.000707287 -0.067895114 -0.517987013 -0.001529927 0.999926031 -0.012065100 -0.211386234 0.067881562 0.012141131 0.997619510 12.386229515
0.997763872 0.002967628 -0.066770613 -0.536226213 -0.003986347 0.999877572 -0.015128955 -0.215468287 0.066717528 0.015361296 0.997653663 12.621055603
0.997819841 0.005386238 -0.065777540 -0.556164324 -0.006932626 0.999704301 -0.023303773 -0.218285143 0.065632567 0.023708977 0.997562110 12.873102188
0.997907341 0.004952121 -0.064470172 -0.578930676 -0.006962415 0.999495268 -0.030994546 -0.218165025 0.064284138 0.031378556 0.997438252 13.136578560
0.997997046 0.002151270 -0.063225694 -0.586433053 -0.004309828 0.999411702 -0.034023996 -0.222722590 0.063115284 0.034228336 0.997419178 13.423128128
0.998071730 0.000026433 -0.062071532 -0.595938921 -0.001914860 0.999537170 -0.030364111 -0.236341953 0.062041987 0.030424422 0.997609735 13.724029541
0.998186171 -0.000401898 -0.060201768 -0.610338867 -0.001298024 0.999601603 -0.028195318 -0.247767329 0.060189120 0.028222315 0.997787952 14.048635483
0.998322070 0.001408823 -0.057888478 -0.632336497 -0.002920307 0.999656737 -0.026033983 -0.260959506 0.057831928 0.026159354 0.997983515 14.379324913
0.998411596 0.001126229 -0.056330983 -0.646867752 -0.002542995 0.999682009 -0.025085390 -0.272428751 0.056284815 0.025188787 0.998097003 14.738016129
0.998529255 0.000567979 -0.054212809 -0.665944278 -0.002060966 0.999620020 -0.027487449 -0.273107290 0.054176595 0.027558751 0.998151004 15.085631371
0.998635590 -0.001667235 -0.052194107 -0.672189355 0.000211338 0.999611080 -0.027887000 -0.293943495 0.052220296 0.027837915 0.998247504 15.472744942
0.998742521 -0.001932336 -0.050096776 -0.692238033 0.000542568 0.999615073 -0.027740439 -0.308808148 0.050131090 0.027678372 0.998358965 15.854298592
0.998800397 -0.001997142 -0.048926763 -0.705953538 0.000706093 0.999651492 -0.026390469 -0.320148408 0.048962414 0.026324265 0.998453617 16.238756180
0.998870671 -0.001853055 -0.047475744 -0.722867608 0.000694183 0.999701738 -0.024414623 -0.330862820 0.047506824 0.024354098 0.998573959 16.644985199
0.998902082 -0.001842797 -0.046811208 -0.736468315 0.000743016 0.999723613 -0.023500521 -0.338174254 0.046841569 0.023439940 0.998627305 17.052402496
0.998935521 -0.000458519 -0.046127375 -0.761981130 -0.000583223 0.999745131 -0.022568043 -0.352665901 0.046125963 0.022570921 0.998680592 17.468065262
0.998854399 0.000504405 -0.047848467 -0.775307596 -0.001597912 0.999738336 -0.022818048 -0.355790377 0.047824431 0.022868369 0.998593867 17.905870438
0.998800099 0.001249806 -0.048956621 -0.798587918 -0.002286228 0.999774277 -0.021119928 -0.367559791 0.048919167 0.021206513 0.998577535 18.339973450
0.998742998 0.001494062 -0.050101645 -0.822959065 -0.002448259 0.999816716 -0.018989278 -0.385278046 0.050064079 0.019088073 0.998563528 18.783868790
0.998714805 0.002967729 -0.050595261 -0.850976527 -0.003910662 0.999820292 -0.018547969 -0.397328585 0.050531127 0.018721990 0.998547018 19.239324570
0.998656988 0.006126143 -0.051446747 -0.882261872 -0.007168005 0.999772429 -0.020091221 -0.405352354 0.051311966 0.020433009 0.998473585 19.708017349
0.998599052 0.007542296 -0.052373905 -0.901468158 -0.008595544 0.999764681 -0.019914113 -0.418563813 0.052211393 0.020336395 0.998428941 20.184076309
0.998565435 0.008568492 -0.052855466 -0.927193403 -0.009470087 0.999813557 -0.016830940 -0.423938960 0.052701399 0.017307339 0.998460352 20.656583786
0.998547733 0.007163478 -0.053395305 -0.949298501 -0.007820409 0.999896109 -0.012104384 -0.432720989 0.053303055 0.012504377 0.998500109 21.135959625
0.998497903 0.005941985 -0.054465558 -0.967585921 -0.006348416 0.999953210 -0.007292195 -0.452570975 0.054419681 0.007627016 0.998488963 21.620904922
0.998493552 0.008008398 -0.054279435 -1.001135707 -0.008350346 0.999946654 -0.006075919 -0.459659100 0.054227881 0.006520018 0.998507321 22.100433350
0.998327971 0.015810575 -0.055599257 -1.028182030 -0.016080091 0.999860942 -0.004403376 -0.468082845 0.055521902 0.005290053 0.998443484 22.572044373
0.998287559 0.016542984 -0.056110326 -1.063054681 -0.016867125 0.999843597 -0.005308211 -0.474267334 0.056013741 0.006245541 0.998410523 23.054109573
0.998247087 0.016182354 -0.056926880 -1.092618942 -0.016595926 0.999839127 -0.006799683 -0.480446339 0.056807682 0.007732518 0.998355210 23.536857605
0.998201251 0.013450574 -0.058423523 -1.106435776 -0.013982238 0.999864399 -0.008700877 -0.485306233 0.058298573 0.009502118 0.998253942 24.039283752
0.998174846 0.012302687 -0.059123382 -1.128490090 -0.012902078 0.999869049 -0.009766938 -0.491315484 0.058995482 0.010511927 0.998202980 24.534524918
0.998170614 0.013756158 -0.058873937 -1.160609245 -0.014308571 0.999857366 -0.008971697 -0.505789280 0.058742136 0.009797686 0.998225033 25.038187027
0.998179853 0.016720425 -0.057941712 -1.194287539 -0.017225577 0.999817729 -0.008229693 -0.513700724 0.057793558 0.009212796 0.998285949 25.539098740
0.998207927 0.018363327 -0.056952223 -1.223387837 -0.018846389 0.999790668 -0.007956346 -0.520985484 0.056794196 0.009015431 0.998345137 26.042476654
0.998321295 0.016458889 -0.055531155 -1.250617027 -0.016913058 0.999827147 -0.007718640 -0.532738745 0.055394527 0.008644884 0.998427093 26.547290802
0.998379827 0.015811438 -0.054659411 -1.270803213 -0.016257668 0.999837875 -0.007728817 -0.543800950 0.054528348 0.008604930 0.998475134 27.062412262
0.998456538 0.014843377 -0.053519025 -1.295826316 -0.015288193 0.999851823 -0.007911506 -0.549305379 0.053393666 0.008717502 0.998535395 27.579174042
0.998516917 0.013665705 -0.052699380 -1.316630244 -0.014109915 0.999867916 -0.008066271 -0.560968518 0.052582186 0.008797891 0.998577774 28.099096298
0.998593330 0.012604718 -0.051501598 -1.341972351 -0.013070685 0.999876559 -0.008720859 -0.567342460 0.051385317 0.009381756 0.998634756 28.626064301
0.998664141 0.012631358 -0.050104626 -1.370350122 -0.013106575 0.999872029 -0.009167291 -0.572136879 0.049982432 0.009811744 0.998701870 29.147163391
0.998679101 0.012701396 -0.049787071 -1.388389826 -0.013180650 0.999869764 -0.009309629 -0.583968520 0.049662348 0.009953559 0.998716414 29.688774109
0.998744726 0.012809973 -0.048424065 -1.417361021 -0.013302924 0.999862790 -0.009871357 -0.591780603 0.048290975 0.010503148 0.998778045 30.217514038
0.998808086 0.011151763 -0.047517885 -1.439871669 -0.011637119 0.999882698 -0.009949754 -0.602711260 0.047401350 0.010490866 0.998820782 30.758390427
0.998820364 0.010723720 -0.047358315 -1.459097743 -0.011234065 0.999881446 -0.010523203 -0.610891581 0.047239859 0.011042817 0.998822570 31.304090500
0.998846710 0.010949370 -0.046746448 -1.484187722 -0.011473459 0.999874055 -0.010957764 -0.621503592 0.046620581 0.011481469 0.998846650 31.849193573
0.998873770 0.009387459 -0.046509232 -1.508973598 -0.009944469 0.999881387 -0.011759496 -0.631971538 0.046393320 0.012208761 0.998848677 32.404582977
0.998858392 0.009150053 -0.046884354 -1.528733253 -0.009747580 0.999873877 -0.012531922 -0.640352249 0.046763778 0.012974624 0.998821735 32.973686218
0.998861730 0.008815529 -0.046876241 -1.550474524 -0.009445845 0.999867618 -0.013241913 -0.651206374 0.046753306 0.013669626 0.998812973 33.535671234
0.998878062 0.008847713 -0.046521913 -1.582007289 -0.009503999 0.999858141 -0.013904769 -0.660668612 0.046392292 0.014331314 0.998820543 34.107357025
0.998836100 0.008681919 -0.047446050 -1.602583885 -0.009333740 0.999864876 -0.013533892 -0.676999211 0.047322143 0.013960991 0.998782098 34.678424835
0.998840213 0.007695481 -0.047531679 -1.622630835 -0.008353592 0.999871731 -0.013662639 -0.688954949 0.047420450 0.014043852 0.998776257 35.273204803
0.998822033 0.007627678 -0.047920644 -1.649465799 -0.008296357 0.999870777 -0.013770500 -0.701617658 0.047809415 0.014151844 0.998756289 35.858253479
0.998760164 0.007372160 -0.049232204 -1.663785934 -0.008051887 0.999874830 -0.013622479 -0.713272691 0.049125619 0.014002001 0.998694479 36.452480316
0.998770535 0.007034973 -0.049070239 -1.701133013 -0.007639915 0.999897003 -0.012151415 -0.731425524 0.048979707 0.012511366 0.998721361 37.034828186
0.998753905 0.007031100 -0.049408481 -1.728610277 -0.007570582 0.999913692 -0.010740143 -0.751467466 0.049328707 0.011100812 0.998720884 37.627037048
0.998721182 0.008610240 -0.049816616 -1.751314402 -0.009184093 0.999893904 -0.011301849 -0.752303958 0.049714018 0.011744916 0.998694420 38.241516113
0.998638570 0.009046563 -0.051373046 -1.775097132 -0.009604375 0.999897420 -0.010621546 -0.764095068 0.051271688 0.011100490 0.998623073 38.839965820
0.998614490 0.009115098 -0.051825594 -1.810362458 -0.009689178 0.999894381 -0.010836734 -0.773079395 0.051721338 0.011323869 0.998597324 39.432300568
0.998542666 0.008854144 -0.053237557 -1.835807681 -0.009473598 0.999890149 -0.011394547 -0.782113433 0.053130832 0.011882293 0.998516798 40.042774200
0.998499513 0.008435331 -0.054106563 -1.870554805 -0.009107452 0.999884248 -0.012187676 -0.793895066 0.053997502 0.012662160 0.998460710 40.632007599
0.998444259 0.009965465 -0.054861560 -1.906274796 -0.010609513 0.999878049 -0.011460786 -0.816771328 0.054740649 0.012025010 0.998428166 41.185894012
0.998371899 0.010161950 -0.056127764 -1.937926650 -0.010911237 0.999855220 -0.013059351 -0.821731329 0.055986926 0.013650512 0.998338103 41.783161163
0.998322368 0.009813759 -0.057062924 -1.973063111 -0.010595723 0.999853849 -0.013417149 -0.827024341 0.056922909 0.013999264 0.998280406 42.385364532
0.998220921 0.007412416 -0.059160329 -1.990442991 -0.008159363 0.999889970 -0.012394234 -0.843218863 0.059061941 0.012854895 0.998171508 42.994815826
0.998244464 0.007116576 -0.058799114 -2.041400194 -0.007761835 0.999912083 -0.010752870 -0.870058060 0.058717426 0.011190382 0.998211920 43.596225739
0.998157978 0.008262660 -0.060102537 -2.072968721 -0.008940947 0.999899268 -0.011025334 -0.880158722 0.060005382 0.011542398 0.998131335 44.199520111
0.998106956 0.009321820 -0.060792390 -2.117056847 -0.010087731 0.999873400 -0.012304059 -0.900313854 0.060670007 0.012894025 0.998074591 44.800121307
0.998051941 0.008862684 -0.061756134 -2.155151367 -0.009873752 0.999821842 -0.016086038 -0.909264326 0.061602574 0.016664464 0.997961700 45.404464722
0.998013496 0.005582245 -0.062753052 -2.182153463 -0.006793329 0.999794424 -0.019102441 -0.926628232 0.062633544 0.019490799 0.997846246 46.000827789
0.997954667 0.003670366 -0.063820295 -2.214551926 -0.005078344 0.999746859 -0.021913396 -0.934545279 0.063723706 0.022192679 0.997720838 46.602878571
0.997975647 0.004372528 -0.063446499 -2.265874863 -0.005850903 0.999715209 -0.023134058 -0.951696634 0.063327275 0.023458447 0.997717083 47.195007324
0.997921288 0.007297805 -0.064031318 -2.314043045 -0.008662377 0.999740720 -0.021059344 -0.971779585 0.063861027 0.021570230 0.997725725 47.782958984
0.997743905 0.006551593 -0.066814363 -2.328637123 -0.007593101 0.999853551 -0.015346075 -0.995071530 0.066704042 0.015818784 0.997647405 48.417484283
0.997671843 0.005757622 -0.067953892 -2.362531662 -0.006392695 0.999937832 -0.009131874 -1.005223632 0.067897096 0.009545021 0.997646749 49.022102356
0.997664034 0.004906089 -0.068134196 -2.401310444 -0.004992076 0.999986947 -0.001091816 -1.020652056 0.068127945 0.001429398 0.997675598 49.629817963
0.997704327 0.006588993 -0.067400679 -2.447288513 -0.006268695 0.999968112 0.004962540 -1.026323318 0.067431226 -0.004528632 0.997713685 50.237041473
0.997778893 0.007435657 -0.066196814 -2.483799934 -0.006917924 0.999943674 0.008046895 -1.032463789 0.066252917 -0.007571079 0.997774065 50.855514526
0.997829139 0.008020044 -0.065365106 -2.518320084 -0.007518068 0.999940336 0.007921920 -1.037819862 0.065424748 -0.007413303 0.997829974 51.458271027
0.997996390 0.008353418 -0.062717617 -2.560729027 -0.008082031 0.999956846 0.004579579 -1.041468263 0.062753171 -0.004063518 0.998020768 52.056182861
0.998070598 0.009124093 -0.061415121 -2.593287468 -0.009109490 0.999958396 0.000517753 -1.042641640 0.061417285 0.000042706 0.998112082 52.660923004
0.998151541 0.006910662 -0.060380388 -2.621900082 -0.007094907 0.999970794 -0.002837541 -1.047024250 0.060359024 0.003260689 0.998171389 53.264057159
0.998274982 0.004692721 -0.058523860 -2.658614397 -0.005038952 0.999970675 -0.005769914 -1.053408861 0.058495067 0.006054861 0.998269320 53.859077454
0.998383343 0.004707701 -0.056644540 -2.693983078 -0.005108912 0.999962866 -0.006940245 -1.061873198 0.056609768 0.007218416 0.998370171 54.460739136
0.998448431 0.007420828 -0.055186726 -2.740577698 -0.007769453 0.999951184 -0.006105351 -1.076353192 0.055138722 0.006524649 0.998457372 55.059768677
0.998425186 0.008310970 -0.055480372 -2.758502007 -0.008668178 0.999943316 -0.006200898 -1.088007927 0.055425685 0.006672046 0.998440504 55.657432556
0.998438358 0.009409443 -0.055066701 -2.791073799 -0.009794394 0.999929428 -0.006724964 -1.095968485 0.054999538 0.007253806 0.998459995 56.255943298
0.998428702 0.009154407 -0.055284496 -2.825228930 -0.009513357 0.999935329 -0.006233034 -1.105086565 0.055223860 0.006749181 0.998451173 56.857856750
0.998385370 0.009287048 -0.056039240 -2.858744621 -0.009684208 0.999929845 -0.006819787 -1.122349024 0.055971965 0.007351472 0.998405218 57.451850891
0.998378336 0.010821581 -0.055888139 -2.895898819 -0.011254126 0.999909043 -0.007430523 -1.135469198 0.055802643 0.008047446 0.998409390 58.049957275
0.998282015 0.012443423 -0.057254624 -2.917116642 -0.012896153 0.999888361 -0.007544621 -1.142832279 0.057154350 0.008270022 0.998331070 58.665687561
0.998225570 0.013366215 -0.058024712 -2.946254015 -0.013819558 0.999876976 -0.007418665 -1.153085709 0.057918411 0.008207377 0.998287618 59.268230438
0.998201847 0.013027117 -0.058508955 -2.980052233 -0.013451027 0.999885976 -0.006857205 -1.162546754 0.058412950 0.007631880 0.998263359 59.863010406
0.998156309 0.012927393 -0.059303667 -3.012398481 -0.013308691 0.999893129 -0.006039071 -1.178405404 0.059219260 0.006817189 0.998221755 60.450092316
0.998157442 0.012903492 -0.059289772 -3.052708149 -0.013286621 0.999893248 -0.006072279 -1.188120484 0.059205085 0.006848850 0.998222351 61.019447327
0.998133659 0.014228185 -0.059386000 -3.087714434 -0.014603546 0.999875903 -0.005891459 -1.198785305 0.059294801 0.006747708 0.998217821 61.609786987
0.998086572 0.012805221 -0.060492031 -3.116807222 -0.013096334 0.999904454 -0.004418354 -1.218695521 0.060429677 0.005202124 0.998158932 62.201023102
0.998084724 0.013428655 -0.060387146 -3.155372858 -0.013746647 0.999893725 -0.004853521 -1.227549314 0.060315549 0.005674345 0.998163223 62.754608154
0.998064280 0.014158661 -0.060557462 -3.191903591 -0.014507763 0.999880552 -0.005328998 -1.232692361 0.060474772 0.006197236 0.998150408 63.334712982
0.998002052 0.014098980 -0.061589129 -3.226920128 -0.014397928 0.999886572 -0.004412804 -1.246966243 0.061519925 0.005290742 0.998091817 63.915157318
0.997886837 0.014699340 -0.063291855 -3.254853487 -0.014973623 0.999880493 -0.003861444 -1.255629539 0.063227527 0.004800992 0.997987568 64.492706299
0.997791290 0.015153715 -0.064674407 -3.291056156 -0.015431364 0.999873698 -0.003795623 -1.260771036 0.064608723 0.004785254 0.997899175 65.066307068
0.997670412 0.016299717 -0.066241227 -3.335454464 -0.016537804 0.999858618 -0.003047457 -1.267302752 0.066182166 0.004135843 0.997798979 65.631614685
0.997517526 0.017702915 -0.068156652 -3.374136209 -0.017881956 0.999838054 -0.002017680 -1.281053782 0.068109892 0.003231445 0.997672617 66.198814392
0.997357786 0.018399354 -0.070277840 -3.416122675 -0.018564131 0.999826193 -0.001692149 -1.289116502 0.070234492 0.002992325 0.997526050 66.762969971
0.997144639 0.018779937 -0.073143393 -3.454888821 -0.018905882 0.999820650 -0.001029895 -1.299931526 0.073110953 0.002409795 0.997320950 67.328521729
0.996966362 0.020201718 -0.075165309 -3.506404877 -0.020379730 0.999791026 -0.001601989 -1.306879044 0.075117238 0.003128978 0.997169852 67.890907288
0.996643245 0.020387879 -0.079289891 -3.542943954 -0.020576917 0.999787033 -0.001567718 -1.319192767 0.079241052 0.003193997 0.996850371 68.449249268
0.996387064 0.021257214 -0.082225256 -3.598433256 -0.021598984 0.999761343 -0.003269183 -1.320505023 0.082136139 0.005033355 0.996608436 69.007484436
0.996104300 0.020745238 -0.085707344 -3.645785809 -0.021156434 0.999768555 -0.003892086 -1.328420639 0.085606769 0.005690185 0.996312797 69.561546326
0.995809734 0.021456931 -0.088896327 -3.698091030 -0.021993853 0.999745250 -0.005064663 -1.336754560 0.088765010 0.006998613 0.996027946 70.111045837
0.995507300 0.020764697 -0.092379868 -3.747474909 -0.021390717 0.999754369 -0.005791471 -1.347183466 0.092236921 0.007741523 0.995706975 70.658660889
0.995132923 0.019782146 -0.096535958 -3.793866396 -0.020482145 0.999770582 -0.006265528 -1.359724402 0.096389852 0.008212296 0.995309770 71.181518555
0.994767070 0.019582883 -0.100275159 -3.841395378 -0.020358972 0.999770164 -0.006722048 -1.368693352 0.100120470 0.008728370 0.994937003 71.711090088
0.994560540 0.019407498 -0.102335505 -3.896935701 -0.020196892 0.999773622 -0.006683192 -1.376661658 0.102182642 0.008713700 0.994727492 72.229438782
0.994449556 0.020675192 -0.103162542 -3.951365948 -0.021414559 0.999752283 -0.006064476 -1.384108782 0.103011586 0.008239997 0.994645953 72.733375549
0.994535625 0.022145540 -0.102020681 -4.006248474 -0.022831948 0.999723852 -0.005565231 -1.386363029 0.101869240 0.007864153 0.994766653 73.227676392
0.994791806 0.024312437 -0.098985188 -4.055831909 -0.024935603 0.999676287 -0.005063124 -1.396395683 0.098830037 0.007505011 0.995075941 73.707069397
0.995250821 0.025742626 -0.093878381 -4.094758987 -0.026250554 0.999646664 -0.004179433 -1.414795399 0.093737602 0.006623943 0.995574892 74.169609070
0.995983124 0.027397407 -0.085247152 -4.128160477 -0.027868478 0.999602199 -0.004340642 -1.423463464 0.085094310 0.006698914 0.996350408 74.614410400
0.996999741 0.030599404 -0.071099967 -4.154769897 -0.030981228 0.999510765 -0.004273453 -1.429995775 0.070934437 0.006463396 0.997460067 75.071647644
0.998130381 0.033862837 -0.050883114 -4.168918133 -0.034106106 0.999410450 -0.003920096 -1.436477661 0.050720364 0.005648193 0.998696983 75.502296448
0.999049067 0.035713170 -0.025010981 -4.164011478 -0.035826765 0.999349535 -0.004108262 -1.444151878 0.024847999 0.005000418 0.999678791 75.927062988
0.999332905 0.035939075 0.006478090 -4.144849777 -0.035908993 0.999343991 -0.004702108 -1.451503277 -0.006642831 0.004466351 0.999967933 76.359375000
0.998452425 0.034311153 0.043763809 -4.103309155 -0.034077030 0.999400675 -0.006084654 -1.460853577 -0.043946356 0.004583897 0.999023378 76.767478943
0.995772958 0.032740187 0.085815795 -4.035832405 -0.032229729 0.999453604 -0.007327310 -1.466858864 -0.086008787 0.004530517 0.996284068 77.184097290
0.990662277 0.030645758 0.132849976 -3.949751854 -0.029724684 0.999518335 -0.008911367 -1.473889470 -0.133059099 0.004879232 0.991096020 77.577934265
0.982663512 0.027521541 0.183343977 -3.834710121 -0.026060747 0.999606550 -0.010372689 -1.485976219 -0.183557317 0.005414782 0.982994080 77.966209412
0.971315384 0.023634020 0.236617789 -3.701457977 -0.021415243 0.999699354 -0.011943154 -1.493308187 -0.236828893 0.006533341 0.971529365 78.344779968
0.956129849 0.020221341 0.292244375 -3.541288376 -0.017231749 0.999769568 -0.012800544 -1.502171755 -0.292435884 0.007203099 0.956257999 78.694725037
0.936550736 0.015599427 0.350185126 -3.357343674 -0.012147913 0.999853611 -0.012050789 -1.510919094 -0.350321829 0.007032157 0.936602890 79.046089172
0.912950277 0.012241485 0.407887191 -3.156867981 -0.008530525 0.999903977 -0.010915682 -1.523025751 -0.407981724 0.006485982 0.912967086 79.371742249
0.885141015 0.006743987 0.465274036 -2.936046600 -0.002859957 0.999954879 -0.009053200 -1.531821251 -0.465314150 0.006682694 0.885120392 79.671653748
0.854168653 0.003319222 0.519985497 -2.694080353 0.000715485 0.999971151 -0.007558423 -1.545396328 -0.519995570 0.006828209 0.854141593 79.956512451
0.818948388 0.003921427 0.573853910 -2.436645508 0.001559443 0.999957681 -0.009058691 -1.549867630 -0.573865294 0.008313493 0.818907499 80.229804993
0.778775871 0.007260930 0.627260268 -2.149497986 -0.000889679 0.999944806 -0.010470404 -1.549592972 -0.627301693 0.007596037 0.778739333 80.529327393
0.734873235 0.010440418 0.678124189 -1.855972290 -0.005273848 0.999939203 -0.009679901 -1.557446241 -0.678184032 0.003537176 0.734883666 80.784667969
0.686599195 0.011447804 0.726945996 -1.531150818 -0.007554503 0.999934375 -0.008611556 -1.558584690 -0.726996899 0.000420972 0.686640620 81.029685974
0.634289920 0.009511289 0.773036838 -1.182247162 -0.005037832 0.999953926 -0.008169606 -1.562399745 -0.773078978 0.001287468 0.634308696 81.251541138
0.578306675 0.008480124 0.815775394 -0.826038361 -0.004440940 0.999963820 -0.007246596 -1.575626135 -0.815807402 0.000567946 0.578323424 81.451538086
0.518434644 0.011500948 0.855039954 -0.467021942 -0.009067922 0.999927282 -0.007951660 -1.578637004 -0.855069160 -0.003631019 0.518501341 81.626037598
0.457316369 0.012421599 0.889217377 -0.094810486 -0.009830257 0.999911964 -0.008912295 -1.582616568 -0.889249742 -0.004665497 0.457398295 81.776794434
0.399876982 0.011463870 0.916497111 0.318382263 -0.007601066 0.999928832 -0.009191043 -1.592095852 -0.916537285 -0.003291068 0.399935663 81.900695801
0.345910430 0.010694265 0.938206613 0.715909958 -0.002489093 0.999941945 -0.010480252 -1.597892046 -0.938264251 0.001289945 0.345917016 81.996246338
0.296273440 0.010674969 0.955043495 1.116495132 0.001714449 0.999930084 -0.011708541 -1.603948832 -0.955101609 0.005106302 0.296234369 82.068183899
0.251147866 0.011121898 0.967884779 1.531116486 0.003633468 0.999916136 -0.012432785 -1.614717603 -0.967941821 0.006639245 0.251086384 82.136650085
0.210475057 0.011374224 0.977533042 1.944093704 0.003967935 0.999914229 -0.012488988 -1.622275352 -0.977591157 0.006507408 0.210411876 82.195251465
0.173862219 0.011612482 0.984701455 2.366819382 0.005271337 0.999905169 -0.012722503 -1.631315708 -0.984755874 0.007402657 0.173784494 82.239158630
0.141060561 0.012439443 0.989922822 2.787209511 0.007656081 0.999877453 -0.013655499 -1.637410164 -0.989971340 0.009505182 0.140948042 82.280517578
0.113302574 0.013308942 0.993471384 3.213149071 0.009884121 0.999845624 -0.014521593 -1.648541570 -0.993511379 0.011464924 0.113153547 82.299232483
0.088630266 0.014470755 0.995959461 3.653625011 0.010804656 0.999821603 -0.015488375 -1.654122829 -0.996006072 0.012133736 0.088458121 82.316238403
0.066230461 0.014647787 0.997696877 4.104094028 0.012004288 0.999808073 -0.015475671 -1.665649891 -0.997732103 0.013001602 0.066041932 82.330993652
0.047032781 0.015734434 0.998769403 4.558059216 0.013881029 0.999769092 -0.016403850 -1.673877358 -0.998796940 0.014635464 0.046803504 82.339935303
0.030950382 0.017331064 0.999370635 5.029374123 0.016734403 0.999700546 -0.017855046 -1.683811069 -0.999380887 0.017276492 0.030651085 82.336189270
0.017382333 0.018986873 0.999668598 5.513244629 0.017983010 0.999652028 -0.019299252 -1.695268035 -0.999687195 0.018312514 0.017034844 82.332229614
0.007540326 0.019321168 0.999784768 5.997129440 0.018819377 0.999633491 -0.019460177 -1.708075881 -0.999794483 0.018962067 0.007173948 82.325820923
0.000796111 0.019153349 0.999816239 6.503029823 0.019725624 0.999621689 -0.019165333 -1.720261812 -0.999805093 0.019737251 0.000418002 82.317825317
-0.003354769 0.019822406 0.999797881 7.022774220 0.020465955 0.999595463 -0.019749722 -1.727704763 -0.999784946 0.020395560 -0.003759095 82.307388306
-0.006055816 0.019841561 0.999784768 7.562758923 0.021198668 0.999580979 -0.019709114 -1.739183426 -0.999756932 0.021074750 -0.006473894 82.297889709
-0.006899965 0.018846426 0.999798596 8.113481522 0.019988818 0.999625266 -0.018705210 -1.749064565 -0.999776423 0.019855727 -0.007274096 82.296394348
-0.005640441 0.017921338 0.999823451 8.674964905 0.019304508 0.999654949 -0.017809412 -1.761145830 -0.999797761 0.019200647 -0.005984457 82.291633606
-0.003317942 0.017182004 0.999846876 9.241680145 0.019093605 0.999671102 -0.017115625 -1.775875211 -0.999812186 0.019033890 -0.003644918 82.289169312
-0.000656996 0.016900923 0.999856949 9.840093613 0.019411063 0.999669015 -0.016884986 -1.783079028 -0.999811351 0.019397192 -0.000984843 82.290962219
0.002978799 0.016807700 0.999854326 10.439520836 0.019001212 0.999677300 -0.016861333 -1.793842912 -0.999814928 0.019048668 0.002658471 82.293006897
0.006814476 0.017174572 0.999829233 11.049815178 0.018154938 0.999685526 -0.017295839 -1.802828550 -0.999811947 0.018269701 0.006500529 82.299873352
0.010561710 0.015332984 0.999826550 11.691720963 0.018592294 0.999706566 -0.015527539 -1.818863869 -0.999771357 0.018753067 0.010273536 82.310783386
0.015426741 0.013778957 0.999786079 12.336803436 0.018886944 0.999722600 -0.014069509 -1.834124088 -0.999702632 0.019099955 0.015162219 82.311325073
0.020605069 0.013011022 0.999703050 12.987525940 0.019397816 0.999721825 -0.013411081 -1.842573643 -0.999599576 0.019668391 0.020346956 82.319244385
0.024908679 0.011189419 0.999627054 13.645942688 0.020821836 0.999714613 -0.011709236 -1.856790900 -0.999472916 0.021105733 0.024668586 82.339126587
0.029757051 0.010906742 0.999497652 14.312561989 0.021710047 0.999697506 -0.011555275 -1.865095854 -0.999321401 0.022042992 0.029511265 82.355239868
0.034474682 0.009070031 0.999364436 14.975752831 0.022151047 0.999706149 -0.009837269 -1.881089211 -0.999160051 0.022476103 0.034263644 82.377174377
0.039199673 0.008027615 0.999199092 15.640336990 0.021869460 0.999721289 -0.008889773 -1.889561296 -0.998992085 0.022200420 0.039013185 82.403480530
0.044006605 0.007810656 0.999000609 16.313529968 0.021983331 0.999719679 -0.008784657 -1.902420998 -0.998789370 0.022347948 0.043822560 82.432243347
0.047148563 0.007699577 0.998858213 16.996957779 0.022354946 0.999711633 -0.008761363 -1.911396623 -0.998637736 0.022742508 0.046962846 82.465324402
0.047837995 0.007999343 0.998823106 17.682298660 0.021236964 0.999733746 -0.009023767 -1.923017979 -0.998629272 0.021643646 0.047655374 82.499458313
0.047238480 0.009320005 0.998840153 18.391822815 0.020920008 0.999727905 -0.010317666 -1.927905321 -0.998664558 0.021383137 0.047030658 82.538452148
0.047242533 0.009063773 0.998842299 19.073268890 0.021586461 0.999716043 -0.010092682 -1.950148582 -0.998650134 0.022038272 0.047033470 82.557289124
0.046458833 0.009920666 0.998870909 19.780662537 0.022910435 0.999677122 -0.010994267 -1.959788322 -0.998657405 0.023395350 0.046216544 82.587265015
0.045866929 0.010277682 0.998894691 20.495998383 0.023932984 0.999648869 -0.011384388 -1.975499034 -0.998660743 0.024428697 0.045604847 82.616241455
0.045265384 0.009388043 0.998930991 21.206974030 0.024352115 0.999648273 -0.010498275 -1.987822056 -0.998678148 0.024801290 0.045020845 82.640495300
0.044597719 0.008674292 0.998967350 21.929445267 0.024293458 0.999657154 -0.009764834 -1.999686241 -0.998709619 0.024703860 0.044371694 82.672019958
0.044040006 0.007979332 0.998997927 22.653839111 0.025105204 0.999643445 -0.009091234 -2.015849829 -0.998714328 0.025480423 0.043823980 82.699020386
0.043620508 0.008740219 0.999009907 23.378744125 0.025295446 0.999631464 -0.009850150 -2.023018837 -0.998727798 0.025700074 0.043383345 82.728202820
0.043737993 0.009399486 0.998998761 24.102970123 0.025432674 0.999621153 -0.010518828 -2.041415930 -0.998719156 0.025867281 0.043482371 82.755767822
0.043923322 0.011670484 0.998966753 24.825143814 0.026044013 0.999578536 -0.012822755 -2.054329634 -0.998695374 0.026580323 0.043600865 82.786247253
0.044293094 0.012229171 0.998943746 25.552146912 0.027437471 0.999532998 -0.013452958 -2.069623947 -0.998641729 0.028004363 0.043936882 82.815414429
0.044915400 0.012323719 0.998914778 26.274188995 0.029160731 0.999481618 -0.013641901 -2.087206125 -0.998565018 0.029741814 0.044532754 82.841339111
0.045155432 0.011052301 0.998918772 27.002113342 0.029885050 0.999476314 -0.012409400 -2.101228714 -0.998532832 0.030413091 0.044801489 82.870460510
0.045738820 0.008711930 0.998915434 27.729097366 0.029308921 0.999519706 -0.010059214 -2.116357803 -0.998523295 0.029737229 0.045461517 82.903152466
0.046218392 0.007598982 0.998902500 28.458917618 0.029245567 0.999532163 -0.008956941 -2.129137278 -0.998503149 0.029627444 0.045974534 82.935546875
0.046463426 0.007104250 0.998894751 29.184038162 0.029868482 0.999517739 -0.008498007 -2.144784927 -0.998473346 0.030230319 0.046228826 82.965339661
0.046979930 0.008110549 0.998862982 29.905653000 0.029194426 0.999528706 -0.009489069 -2.156988859 -0.998469114 0.029607024 0.046721008 82.994949341
0.045243844 0.009090767 0.998934686 30.635566711 0.027410129 0.999570906 -0.010338018 -2.172340631 -0.998599887 0.027848661 0.044975251 83.029609680
0.042841282 0.009322694 0.999038398 31.362518311 0.025251327 0.999626875 -0.010411028 -2.189109564 -0.998762667 0.025673067 0.042589884 83.065879822
0.040526047 0.009150798 0.999136567 32.076282501 0.024024913 0.999659956 -0.010130069 -2.204188347 -0.998889565 0.024414701 0.040292419 83.089874268
0.038283627 0.008968936 0.999226630 32.799488068 0.023285307 0.999680102 -0.009865145 -2.219193459 -0.998995483 0.023644974 0.038062535 83.116882324
0.036327779 0.008774897 0.999301314 33.518531799 0.022720722 0.999695659 -0.009604330 -2.232765436 -0.999081612 0.023053756 0.036117353 83.144187927
0.034129959 0.009192955 0.999375105 34.247493744 0.023066003 0.999684095 -0.009983531 -2.249722242 -0.999151170 0.023392327 0.033907134 83.167808533
0.032383192 0.009360095 0.999431670 34.962379456 0.021011703 0.999728799 -0.010043690 -2.263213634 -0.999254644 0.021325011 0.032177739 83.205055237
0.031413533 0.009126773 0.999464810 35.680110931 0.022049334 0.999708652 -0.009822019 -2.274093151 -0.999263287 0.022346077 0.031203147 83.211891174
0.030836696 0.008380241 0.999489307 36.403167725 0.022983380 0.999694526 -0.009091057 -2.293548584 -0.999260128 0.023251979 0.030634673 83.227653503
0.030308153 0.008343719 0.999505758 37.131229401 0.022993706 0.999694765 -0.009042537 -2.301538229 -0.999276102 0.023256408 0.030107055 83.258438110
0.030755796 0.007511940 0.999498725 37.859931946 0.024081370 0.999675930 -0.008254287 -2.319078922 -0.999236822 0.024323162 0.030564930 83.263031006
0.030896133 0.008385125 0.999487400 38.584648132 0.023968797 0.999671042 -0.009127588 -2.330499411 -0.999235213 0.024238514 0.030684987 83.285011292
0.031234713 0.008691484 0.999474287 39.299156189 0.023881046 0.999670208 -0.009439499 -2.341459751 -0.999226809 0.024163334 0.031016845 83.307571411
0.031355344 0.008922206 0.999468446 40.013156891 0.023831250 0.999669194 -0.009671631 -2.354566336 -0.999224126 0.024121838 0.031132340 83.328186035
0.031601191 0.008638548 0.999463260 40.735733032 0.023849271 0.999671459 -0.009394417 -2.366892099 -0.999216020 0.024133345 0.031384777 83.350418091
0.032431595 0.008232675 0.999440074 41.461803436 0.023772473 0.999676824 -0.009006035 -2.382372379 -0.999191225 0.024051243 0.032225400 83.366333008
0.032119107 0.007757864 0.999453962 42.177261353 0.023446916 0.999688864 -0.008513192 -2.399500132 -0.999208927 0.023707550 0.031927217 83.391998291
0.032099560 0.008330874 0.999450028 42.902488708 0.022459213 0.999706864 -0.009054341 -2.410197735 -0.999232292 0.022737499 0.031903040 83.413627625
0.031327602 0.007972973 0.999477386 43.617286682 0.021571077 0.999729872 -0.008651113 -2.426581144 -0.999276400 0.021830823 0.031147150 83.441329956
0.030720457 0.008249130 0.999494016 44.341506958 0.020859251 0.999742925 -0.008892315 -2.439807653 -0.999310374 0.021121871 0.030540485 83.461456299
0.029988192 0.008494245 0.999514103 45.059833527 0.021156926 0.999734402 -0.009130884 -2.451673269 -0.999326289 0.021420462 0.029800516 83.482391357
0.029209530 0.007990491 0.999541402 45.778503418 0.021641221 0.999728560 -0.008624407 -2.468930960 -0.999338984 0.021883208 0.029028671 83.498115540
0.028471434 0.008469068 0.999558806 46.502845764 0.021758439 0.999721885 -0.009090218 -2.483113050 -0.999357700 0.022007648 0.028279239 83.518035889
0.027448464 0.008611789 0.999586105 47.236652374 0.022208489 0.999710798 -0.009222704 -2.498757839 -0.999376416 0.022452444 0.027249269 83.538963318
0.026975801 0.009516216 0.999590814 47.945270538 0.021615829 0.999715269 -0.010100746 -2.509356022 -0.999402344 0.021879457 0.026762422 83.555603027
0.026829271 0.009820790 0.999591827 48.669410706 0.021301437 0.999719143 -0.010393777 -2.521509647 -0.999413013 0.021571597 0.026612537 83.572372437
0.026283903 0.009270829 0.999611497 49.396392822 0.021124307 0.999728560 -0.009827361 -2.535607815 -0.999431312 0.021374403 0.026080929 83.597221375
0.025977489 0.008985233 0.999622226 50.112644196 0.020841140 0.999737382 -0.009527878 -2.550777674 -0.999445260 0.021080775 0.025783405 83.615447998
0.025943339 0.009004649 0.999622822 50.861160278 0.020202298 0.999750435 -0.009530113 -2.563852549 -0.999459267 0.020441923 0.025754953 83.623268127
0.025331445 0.008954456 0.999638975 51.587261200 0.018684549 0.999780893 -0.009429206 -2.577504635 -0.999504566 0.018916653 0.025158588 83.646102905
0.025225075 0.009276981 0.999638736 52.313133240 0.017458007 0.999800384 -0.009719020 -2.590652943 -0.999529362 0.017696863 0.025058083 83.661994934
0.024751686 0.009566113 0.999647796 53.041145325 0.017293843 0.999800444 -0.009995776 -2.603175163 -0.999544084 0.017535167 0.024581311 83.681411743
0.024583705 0.009355469 0.999654114 53.769828796 0.018130971 0.999787509 -0.009802599 -2.623455763 -0.999533355 0.018365685 0.024408862 83.689712524
0.024481460 0.009174444 0.999658227 54.493408203 0.017785262 0.999795616 -0.009611262 -2.636770010 -0.999542177 0.018014481 0.024313288 83.707031250
0.024092406 0.008870975 0.999670386 55.212604523 0.016848920 0.999815047 -0.009278322 -2.649557114 -0.999567747 0.017066905 0.023938484 83.724662781
0.024302050 0.007940576 0.999673128 55.939662933 0.016619846 0.999827027 -0.008345827 -2.670058250 -0.999566555 0.016817234 0.024165876 83.737976074
0.024023203 0.007810266 0.999680877 56.667179108 0.018960124 0.999786079 -0.008266716 -2.681526423 -0.999531507 0.019152667 0.023869978 83.754638672
0.023921750 0.007286183 0.999687254 57.392295837 0.019686475 0.999776125 -0.007757912 -2.692475557 -0.999519944 0.019865898 0.023772953 83.765350342
0.023512887 0.007931416 0.999692023 58.098228455 0.019706367 0.999770641 -0.008395535 -2.710562468 -0.999529302 0.019897699 0.023351189 83.789634705
0.023650391 0.008525562 0.999683917 58.826087952 0.019011274 0.999778986 -0.008976138 -2.716801167 -0.999539495 0.019217554 0.023483086 83.799919128
0.023888042 0.008776912 0.999676168 59.527549744 0.018786786 0.999781013 -0.009226756 -2.729777575 -0.999538124 0.019001115 0.023717923 83.815216064
0.023915738 0.009237543 0.999671340 60.239688873 0.018621149 0.999779761 -0.009684030 -2.741805553 -0.999540508 0.018846631 0.023738461 83.827705383
0.023101447 0.009661957 0.999686360 60.943450928 0.018613774 0.999775827 -0.010092961 -2.755856991 -0.999559820 0.018841101 0.022916423 83.857345581
0.023843396 0.009544987 0.999670148 61.646926880 0.018331658 0.999782085 -0.009983291 -2.775004148 -0.999547601 0.018563649 0.023663225 83.855972290
0.023371778 0.009757506 0.999679208 62.341102600 0.017214481 0.999800205 -0.010161148 -2.786931276 -0.999578595 0.017446442 0.023199137 83.878601074
0.023138858 0.009849506 0.999683738 63.038055420 0.016471157 0.999811947 -0.010232014 -2.798109531 -0.999596596 0.016702706 0.022972273 83.897369385
0.024049794 0.009374445 0.999666810 63.726383209 0.016179286 0.999821365 -0.009765134 -2.815363169 -0.999579787 0.016408745 0.023893833 83.900054932
0.024594825 0.008783061 0.999658942 64.418190002 0.015935527 0.999830842 -0.009176638 -2.826585770 -0.999570489 0.016155787 0.024450706 83.914993286
0.024854453 0.008197596 0.999657452 65.099235535 0.015594006 0.999841452 -0.008586820 -2.846056938 -0.999569476 0.015802082 0.024722682 83.933052063
0.025643213 0.008064319 0.999638617 65.780357361 0.015608308 0.999842346 -0.008466354 -2.859391212 -0.999549389 0.015819769 0.025513299 83.952903748
0.026921349 0.007580205 0.999608874 66.456443787 0.015609519 0.999846101 -0.008002399 -2.873013496 -0.999515712 0.015818844 0.026798883 83.969490051
0.028741395 0.007275296 0.999560535 67.142639160 0.015886130 0.999843895 -0.007734152 -2.887813330 -0.999460638 0.016101437 0.028621336 83.978286743
0.030684417 0.007206776 0.999503195 67.806724548 0.015237975 0.999854445 -0.007677109 -2.892912626 -0.999412954 0.015465973 0.030570135 84.001075745
0.033018474 0.006583623 0.999433100 68.482208252 0.015924338 0.999847949 -0.007112452 -2.904025555 -0.999327898 0.016150150 0.032908611 84.013298035
0.035189021 0.006658477 0.999358535 69.143867493 0.016452285 0.999838471 -0.007240987 -2.910988808 -0.999245226 0.016696535 0.035073794 84.036849976
0.036838584 0.006557533 0.999299705 69.818664551 0.017250912 0.999825299 -0.007196927 -2.923429489 -0.999172330 0.017503960 0.036719024 84.073219299
0.038960859 0.006446394 0.999219954 70.466964722 0.015684852 0.999852002 -0.007062045 -2.942455292 -0.999117613 0.015947759 0.038853988 84.104919434
0.041656572 0.006795602 0.999108791 71.150840759 0.016337113 0.999838531 -0.007481720 -2.948640823 -0.998998523 0.016634217 0.041538816 84.124763489
0.044223774 0.006458631 0.999000788 71.795341492 0.016248744 0.999842107 -0.007183371 -2.960236073 -0.998889506 0.016550183 0.044111852 84.153961182
0.046553485 0.005759731 0.998899102 72.431304932 0.015995653 0.999850869 -0.006510692 -2.967144489 -0.998787701 0.016281145 0.046454415 84.182212830
0.049043596 0.005776088 0.998779833 73.058189392 0.014689717 0.999870956 -0.006503714 -2.977300167 -0.998688579 0.014990761 0.048952412 84.211387634
0.050791975 0.006671418 0.998687029 73.677436829 0.014704965 0.999864221 -0.007427159 -2.983879089 -0.998601019 0.015062895 0.050686978 84.253456116
0.052534536 0.007989074 0.998587132 74.284637451 0.013995889 0.999863863 -0.008735597 -2.986763716 -0.998520970 0.014435032 0.052415576 84.308944702
0.058079910 0.009527464 0.998266459 74.887718201 0.012227772 0.999872684 -0.010254217 -2.983081102 -0.998237073 0.012802137 0.057956014 84.308670044
0.062623225 0.010424538 0.997982800 75.452545166 0.010476219 0.999883473 -0.011101774 -2.991742373 -0.997982323 0.011150314 0.062506720 84.347305298
0.066809803 0.011017656 0.997704864 76.007324219 0.008544508 0.999896049 -0.011614023 -3.005511761 -0.997729182 0.009300829 0.066708706 84.386558533
0.071242720 0.011231735 0.997395873 76.564643860 0.008543164 0.999893069 -0.011870086 -3.022364378 -0.997422516 0.009366572 0.071139157 84.415962219
0.074684240 0.011676208 0.997138917 77.076408386 0.007754559 0.999894440 -0.012289281 -3.033023596 -0.997177124 0.008650188 0.074585810 84.458076477
0.080663547 0.010683767 0.996684134 77.595596313 0.007251394 0.999909818 -0.011305213 -3.059705973 -0.996715009 0.008139267 0.080578789 84.460975647
0.083030887 0.013046885 0.996461570 78.119812012 0.005130318 0.999895453 -0.013519334 -3.046079636 -0.996533692 0.006234687 0.082955278 84.500518799
0.083577596 0.017412046 0.996349156 78.602615356 0.001587960 0.999843836 -0.017606324 -3.009191751 -0.996500015 0.003053656 0.083536871 84.530746460
0.081805356 0.017535273 0.996494114 79.071578979 -0.001863581 0.999846220 -0.017441271 -3.028540611 -0.996646583 -0.000430258 0.081825450 84.559242249
0.075736120 0.017711710 0.996970594 79.516571045 -0.004987121 0.999836445 -0.017383775 -3.042287827 -0.997115493 -0.003655433 0.075812064 84.583435059
0.064719558 0.019070331 0.997721255 79.950836182 -0.008856591 0.999788940 -0.018535350 -3.041378260 -0.997864187 -0.007636809 0.064874798 84.584884644
0.045181416 0.018951720 0.998799086 80.369216919 -0.011011023 0.999768674 -0.018472029 -3.052294254 -0.998918116 -0.010163208 0.045379639 84.574737549
0.017906629 0.017902559 0.999679327 80.767524719 -0.011719272 0.999774754 -0.017694347 -3.075462818 -0.999770999 -0.011398668 0.018112399 84.559501648
-0.016272165 0.015653824 0.999745011 81.149612427 -0.011424330 0.999809265 -0.015840776 -3.117650032 -0.999802411 -0.011679182 -0.016090229 84.513542175
-0.058389485 0.021066189 0.998071611 81.522064209 -0.009158511 0.999723911 -0.021636857 -3.086500168 -0.998251855 -0.010404215 -0.058180444 84.444992065
-0.112634033 0.020319175 0.993428767 81.892257690 -0.006018032 0.999758542 -0.021130960 -3.096010685 -0.993618309 -0.008358553 -0.112484567 84.398811340
-0.169475615 0.023093572 0.985263765 82.232849121 -0.003160798 0.999707460 -0.023975810 -3.089241505 -0.985529244 -0.007177535 -0.169353068 84.301254272
-0.230683327 0.026034832 0.972680569 82.571472168 0.001061125 0.999648035 -0.026504990 -3.093904972 -0.973028243 -0.005082123 -0.230629772 84.164230347
-0.296159625 0.029883636 0.954670966 82.900512695 0.008083237 0.999552965 -0.028780967 -3.091256142 -0.955104232 -0.000806928 -0.296268821 84.002029419
-0.365275323 0.029848075 0.930420935 83.220306396 0.015617542 0.999541581 -0.025934167 -3.100757360 -0.930768549 0.005057776 -0.365574062 83.831909180
-0.428512633 0.029551506 0.903052390 83.490966797 0.023676198 0.999489069 -0.021472568 -3.100731373 -0.903225482 0.012179581 -0.428993315 83.609245300
-0.489050269 0.027122768 0.871833801 83.731811523 0.028037943 0.999488711 -0.015366389 -3.118826866 -0.871804893 0.016929489 -0.489560664 83.369514465
-0.556312025 0.034393467 0.830261409 83.998718262 0.033241700 0.999264359 -0.019120982 -3.069427729 -0.830308318 0.016962066 -0.557046115 83.189491272
-0.615694404 0.031508349 0.787354827 84.213378906 0.030919297 0.999396741 -0.015815616 -3.066101551 -0.787378132 0.014606868 -0.616297185 82.942565918
-0.672920167 0.027192980 0.739215136 84.419677734 0.029409636 0.999517500 -0.009996436 -3.072024107 -0.739130199 0.015013246 -0.673395216 82.684440613
-0.725893199 0.025564870 0.687332213 84.599998474 0.029663051 0.999542892 -0.005850121 -3.073490620 -0.687167406 0.016141808 -0.726319790 82.415649414
-0.775065660 0.026458200 0.631326556 84.765747070 0.030927353 0.999513924 -0.003919706 -3.066200495 -0.631123483 0.016487228 -0.775507092 82.123847961
-0.817551494 0.030136354 0.575066447 84.886413574 0.035762884 0.999359131 -0.001528598 -3.069680691 -0.574743867 0.019316327 -0.818105280 81.825820923
-0.853062987 0.036862291 0.520504296 84.986648560 0.042324003 0.999102950 -0.001391317 -3.065798998 -0.520088673 0.020842945 -0.853857934 81.523063660
-0.884506106 0.042228404 0.464613378 85.098510742 0.045937501 0.998938739 -0.003339523 -3.045229435 -0.464261353 0.018389348 -0.885507345 81.202651978
-0.910151899 0.038524337 0.412479550 85.190597534 0.041870840 0.999122560 -0.000925409 -3.049081564 -0.412153333 0.016428603 -0.910966456 80.874542236
-0.930754066 0.035906654 0.363878220 85.294120789 0.039303448 0.999225378 0.001931978 -3.039580584 -0.363527089 0.016099866 -0.931444526 80.535079956
-0.946322024 0.033471223 0.321487695 85.366683960 0.037527069 0.999274969 0.006425557 -3.038857222 -0.321039557 0.018145140 -0.946891904 80.170944214
-0.959775865 0.031136015 0.279035985 85.460990906 0.035699453 0.999298811 0.011286277 -3.042554855 -0.278488994 0.020793729 -0.960214317 79.789230347
-0.970247209 0.031013746 0.240121633 85.518020630 0.035153776 0.999297619 0.012976289 -3.038568020 -0.239550501 0.021031387 -0.970656097 79.430175781
-0.978444874 0.030194424 0.204288542 85.567451477 0.033827938 0.999325156 0.014316631 -3.032481194 -0.203718424 0.020918695 -0.978805959 79.060714722
-0.984877825 0.029564472 0.170709133 85.610977173 0.032717332 0.999341547 0.015684988 -3.030747175 -0.170132965 0.021032942 -0.985196590 78.678840637
-0.989628315 0.029201178 0.140652373 85.641525269 0.032009330 0.999329984 0.017743886 -3.032579899 -0.140039995 0.022062039 -0.989900053 78.284141541
-0.992925584 0.030781226 0.114678815 85.660995483 0.033062149 0.999290466 0.018040644 -3.026153088 -0.114042141 0.021704547 -0.993238807 77.887725830
-0.995247364 0.032551814 0.091776997 85.681938171 0.034362346 0.999243438 0.018216496 -3.018316031 -0.091114573 0.021283591 -0.995613039 77.466423035
-0.996767163 0.034089644 0.072754271 85.692497253 0.035522036 0.999197841 0.018485455 -3.009886265 -0.072065756 0.021010069 -0.997178674 77.038558960
-0.997820795 0.033570878 0.056804437 85.706741333 0.034665998 0.999229491 0.018404186 -2.991928577 -0.056142826 0.020333262 -0.998215675 76.591346741
-0.998496294 0.032327499 0.044272158 85.722351074 0.033201270 0.999265313 0.019145092 -2.991151810 -0.043620724 0.020586196 -0.998836040 76.137809753
-0.998833239 0.033100713 0.035163041 85.726196289 0.033772621 0.999254882 0.018689081 -2.978985786 -0.034518216 0.019854823 -0.999206841 75.653465271
-0.999068856 0.032806128 0.028019061 85.737625122 0.033336986 0.999269366 0.018693876 -2.975369692 -0.027385315 0.019610541 -0.999432564 75.167732239
-0.999150634 0.033951201 0.023348896 85.744277954 0.034394540 0.999230444 0.018855246 -2.968443871 -0.022690769 0.019642308 -0.999549508 74.676361084
-0.999198437 0.034124941 0.020927893 85.756668091 0.034510106 0.999236166 0.018327951 -2.952648640 -0.020286465 0.019035483 -0.999612987 74.159606934
-0.999152124 0.035564970 0.020738719 85.765296936 0.035945855 0.999186277 0.018291982 -2.946693897 -0.020071290 0.019021947 -0.999617636 73.627998352
-0.999148428 0.035543866 0.020954132 85.783424377 0.035944484 0.999171913 0.019061856 -2.943662643 -0.020259252 0.019798808 -0.999598742 73.092895508
-0.999094427 0.036134385 0.022463273 85.791358948 0.036579683 0.999135792 0.019738732 -2.934741497 -0.021730611 0.020542556 -0.999552846 72.547645569
-0.999002934 0.037921131 0.023559729 85.801292419 0.038416695 0.999042094 0.020949984 -2.919899940 -0.022742717 0.021834180 -0.999502897 71.978874207
-0.998922348 0.039167520 0.024897262 85.811904907 0.039720301 0.998966157 0.022109738 -2.903990746 -0.024005542 0.023074841 -0.999445498 71.405525208
-0.998829186 0.040532462 0.026404437 85.824600220 0.041137174 0.998893917 0.022776086 -2.889378548 -0.025452059 0.023835624 -0.999391913 70.842422485
-0.998751163 0.041355841 0.028032053 85.838424683 0.042031951 0.998828650 0.023974845 -2.886332035 -0.027007716 0.025123149 -0.999319494 70.279472351
-0.998601258 0.043728665 0.029720534 85.849586487 0.044460170 0.998712778 0.024414120 -2.875684023 -0.028614677 0.025701350 -0.999260128 69.716796875
-0.998518705 0.044604529 0.031161517 85.862396240 0.045381885 0.998664439 0.024700537 -2.870087862 -0.030018141 0.026078118 -0.999209106 69.181999207
-0.998414278 0.045410361 0.033268008 85.875434875 0.046238024 0.998628974 0.024546240 -2.862157583 -0.032107744 0.026045568 -0.999144971 68.628875732
-0.998271406 0.046922799 0.035390578 85.892127991 0.047788799 0.998568296 0.024033790 -2.857058048 -0.034212179 0.025683522 -0.999084532 68.073242188
-0.998221874 0.046819326 0.036888648 85.916267395 0.047707420 0.998583138 0.023573995 -2.858266830 -0.035732664 0.025291946 -0.999041259 67.520721436
-0.998043656 0.048733301 0.039164718 85.933326721 0.049646236 0.998509347 0.022685196 -2.850834846 -0.038000803 0.024585199 -0.998975158 66.974555969
-0.997953475 0.049279511 0.040747244 85.959732056 0.050192717 0.998503804 0.021700166 -2.835719824 -0.039616898 0.023700969 -0.998933792 66.424499512
-0.997839928 0.049988296 0.042620394 85.982604980 0.050959159 0.998458326 0.022004766 -2.835120440 -0.041454695 0.024129137 -0.998848975 65.877288818
-0.997750342 0.050065376 0.044583913 86.006118774 0.051094320 0.998446107 0.022245608 -2.826242685 -0.043400895 0.024473546 -0.998757899 65.327323914
-0.997632444 0.050447110 0.046739478 86.023208618 0.051571541 0.998400331 0.023171423 -2.819436073 -0.045495793 0.025526991 -0.998638332 64.770080566
-0.997545600 0.050589368 0.048409071 86.042205811 0.051807154 0.998362839 0.024240397 -2.817634106 -0.047103513 0.026688838 -0.998533487 64.228912354
-0.997573733 0.049787026 0.048661873 86.076049805 0.051024135 0.998396397 0.024519183 -2.805971146 -0.047363102 0.026942620 -0.998514354 63.680301666
-0.997686446 0.047782641 0.048358761 86.102333069 0.049024239 0.998489201 0.024822172 -2.807808399 -0.047099628 0.027135491 -0.998521566 63.144828796
-0.997763455 0.047708567 0.046817526 86.125907898 0.048900634 0.998499274 0.024655322 -2.796746492 -0.045570996 0.026889585 -0.998599112 62.609031677
-0.997856081 0.047573525 0.044943109 86.147842407 0.048726670 0.998501182 0.024920011 -2.792258263 -0.043690216 0.027056517 -0.998678684 62.077526093
-0.997956574 0.047406971 0.042840850 86.168350220 0.048490047 0.998520553 0.024605520 -2.783386707 -0.041610997 0.026632590 -0.998778880 61.550064087
-0.998081684 0.046770196 0.040564697 86.189697266 0.047808807 0.998543024 0.025022542 -2.779418468 -0.039335292 0.026913891 -0.998863459 61.031299591
-0.998229504 0.045789327 0.037964031 86.204391479 0.046768680 0.998584688 0.025322787 -2.768935680 -0.036750801 0.027053479 -0.998958230 60.529159546
-0.998532534 0.043046221 0.032860033 86.218284607 0.043906968 0.998698950 0.025937915 -2.763791561 -0.031700749 0.027342638 -0.999123335 60.029994965
-0.998912036 0.039996624 0.023980264 86.227554321 0.040629495 0.998822570 0.026511783 -2.757721424 -0.022891644 0.027457248 -0.999360800 59.552371979
-0.999226987 0.038047809 0.009880926 86.225616455 0.038305648 0.998891234 0.027367260 -2.755349398 -0.008828705 0.027724598 -0.999576628 59.096324921
-0.999271691 0.037223358 -0.008392044 86.208793640 0.036969237 0.998906016 0.028636238 -2.751540184 0.009448802 0.028305132 -0.999554694 58.656391144
-0.998836935 0.035343301 -0.032794565 86.183898926 0.034381527 0.998975098 0.029441573 -2.741022110 0.033801515 0.028279802 -0.999028385 58.230728149
-0.997446120 0.034500714 -0.062537484 86.137680054 0.032575022 0.998970985 0.031555273 -2.736428738 0.063561812 0.029437523 -0.997543633 57.819107056
-0.994572341 0.034054339 -0.098315604 86.075393677 0.030875780 0.998955905 0.033672962 -2.730018139 0.099359669 0.030454630 -0.994585454 57.425498962
-0.989505589 0.036121983 -0.139905646 85.990409851 0.031598095 0.998907685 0.034423437 -2.721667528 0.140996248 0.029641435 -0.989566386 57.044010162
-0.981729627 0.040124457 -0.186002418 85.873107910 0.034152821 0.998796523 0.035200264 -2.707016945 0.187190980 0.028204642 -0.981918573 56.681285858
-0.970698297 0.043952022 -0.236247778 85.739410400 0.036015674 0.998635769 0.037806556 -2.698266029 0.237587184 0.028190136 -0.970957160 56.327362061
-0.955677927 0.048363674 -0.290414512 85.582855225 0.038330253 0.998458505 0.040141735 -2.684403181 0.291908264 0.027230911 -0.956058681 55.977684021
-0.936715364 0.051991772 -0.346209764 85.409461975 0.040034126 0.998331785 0.041606151 -2.669105291 0.347795337 0.025112912 -0.937234104 55.654663086
-0.913956404 0.055853125 -0.401950479 85.216613770 0.041795723 0.998171508 0.043665908 -2.656314135 0.403654367 0.023108928 -0.914619684 55.339187622
-0.887469828 0.059000149 -0.457073748 85.011352539 0.041992970 0.997998059 0.047288980 -2.643382072 0.458948761 0.022773655 -0.888170838 55.042968750
-0.857296765 0.061507858 -0.511135042 84.790946960 0.042441979 0.997901738 0.048897862 -2.625460148 0.513070107 0.020226404 -0.858108401 54.762489319
-0.824646771 0.061791021 -0.562262893 84.555183411 0.041156046 0.997935355 0.049308322 -2.611248970 0.564148903 0.017521434 -0.825487256 54.507400513
-0.789307714 0.060951997 -0.610964954 84.303291321 0.038842499 0.998024225 0.049385618 -2.601230383 0.612767994 0.015249041 -0.790115774 54.267372131
-0.749151289 0.056431003 -0.659990788 84.050277710 0.032741081 0.998301208 0.048193265 -2.586655140 0.661589324 0.014495236 -0.749726355 54.036468506
-0.705092728 0.052578289 -0.707163095 83.770538330 0.027172070 0.998518229 0.047148310 -2.566404343 0.708594382 0.014028848 -0.705476642 53.818904877
-0.657102227 0.052103151 -0.751998603 83.476150513 0.023848161 0.998545885 0.048346769 -2.544303894 0.753424108 0.013834989 -0.657389283 53.623878479
-0.606386244 0.052697286 -0.793422163 83.156410217 0.019222023 0.998481452 0.051626112 -2.521395445 0.794937730 0.016054189 -0.606478333 53.439964294
-0.552347898 0.054109674 -0.831855655 82.826538086 0.014698261 0.998368084 0.055181239 -2.503549814 0.833484054 0.018252414 -0.552241921 53.267066956
-0.498005509 0.056791134 -0.865312099 82.481842041 0.011118833 0.998189330 0.059112854 -2.487736225 0.867102563 0.019817265 -0.497735232 53.127204895
-0.442848861 0.060375191 -0.894561172 82.117691040 0.009435728 0.997988760 0.062684551 -2.472752810 0.896546602 0.019318944 -0.442527920 52.992530823
-0.390120864 0.062622875 -0.918631554 81.738929749 0.006747430 0.997852147 0.065157838 -2.448455095 0.920738935 0.019221041 -0.389705539 52.874172211
-0.341619402 0.063535571 -0.937688291 81.362800598 0.002844747 0.997777581 0.066570684 -2.432984352 0.939834058 0.020074353 -0.341040909 52.784858704
-0.295891643 0.060998846 -0.953271866 80.975044250 -0.001731665 0.997923136 0.064393528 -2.408282518 0.955219924 0.020704258 -0.295171499 52.702201843
-0.252345264 0.058298193 -0.965879500 80.578895569 -0.007295103 0.998040497 0.062145274 -2.387148142 0.967609763 0.022728255 -0.251425475 52.627792358
-0.210946217 0.054945372 -0.975952148 80.174072266 -0.012068453 0.998196483 0.058806237 -2.364140749 0.977423191 0.024183186 -0.209902689 52.564250946
-0.172301501 0.052469514 -0.983645856 79.756347656 -0.014613380 0.998334348 0.055812806 -2.343623877 0.984935880 0.023991017 -0.171247751 52.520217896
-0.135987237 0.050890170 -0.989402652 79.331626892 -0.016274199 0.998430371 0.053591296 -2.324882030 0.990576923 0.023389468 -0.134945571 52.482864380
-0.103128903 0.049650513 -0.993428051 78.892509460 -0.017306270 0.998512745 0.051701210 -2.299796581 0.994517446 0.022524426 -0.102116242 52.467002869
-0.073332906 0.048476562 -0.996128619 78.440010071 -0.017235817 0.998607159 0.049866039 -2.276671410 0.997158587 0.020825917 -0.072395228 52.454811096
-0.048390135 0.047295704 -0.997708142 77.968772888 -0.016324192 0.998707414 0.048134822 -2.250599861 0.998695135 0.018616030 -0.047555517 52.456138611
-0.027605362 0.048092104 -0.998461366 77.497497559 -0.015372206 0.998703480 0.048528776 -2.236877441 0.999500692 0.016688207 -0.026830293 52.459846497
-0.010962939 0.049868066 -0.998695612 77.007835388 -0.014860396 0.998637259 0.050028276 -2.217627048 0.999829471 0.015389470 -0.010206940 52.469875336
0.002320267 0.051838789 -0.998652697 76.501228333 -0.015938975 0.998530507 0.051795416 -2.190252066 0.999870241 0.015797324 0.003143115 52.481536865
0.012366571 0.052714564 -0.998533010 75.978195190 -0.016992737 0.998476267 0.052501123 -2.161304951 0.999779165 0.016318552 0.013243493 52.493938446
0.019019425 0.053799301 -0.998370588 75.458847046 -0.016837478 0.998426855 0.053481560 -2.139375925 0.999677300 0.015792850 0.019895347 52.511112213
0.023786148 0.054970693 -0.998204648 74.916595459 -0.015547832 0.998386681 0.054610237 -2.112272263 0.999596119 0.014220948 0.024602443 52.529563904
0.026911724 0.055912323 -0.998072922 74.360382080 -0.015369877 0.998339772 0.055512838 -2.084976912 0.999519646 0.013846315 0.027726403 52.553878784
0.028139075 0.055946376 -0.998037159 73.781402588 -0.015123307 0.998342097 0.055537075 -2.052544832 0.999489665 0.013530861 0.028938513 52.568866730
0.026819311 0.055272125 -0.998111069 73.198493958 -0.014928217 0.998381019 0.054885950 -2.021690607 0.999528825 0.013428017 0.027601004 52.590805054
0.025019582 0.054404743 -0.998205602 72.593673706 -0.014073259 0.998438239 0.054064699 -1.994231939 0.999587834 0.012695326 0.025746165 52.616413116
0.023178900 0.053407416 -0.998303771 71.978302002 -0.013053449 0.998503029 0.053114995 -1.958827138 0.999646068 0.011800159 0.023841357 52.636390686
0.020202896 0.052618515 -0.998410404 71.343025208 -0.010555271 0.998569727 0.052413333 -1.926104307 0.999740183 0.009479591 0.020729404 52.655784607
0.017296053 0.052853726 -0.998452485 70.702545166 -0.009329970 0.998567045 0.052698154 -1.905243397 0.999806881 0.008404062 0.017764386 52.663387299
0.014485678 0.052563615 -0.998512506 70.039924622 -0.008842205 0.998585045 0.052439153 -1.870837212 0.999855936 0.008069436 0.014929956 52.672332764
0.011297680 0.052604254 -0.998551488 69.361198425 -0.007191249 0.998593748 0.052525107 -1.840262055 0.999910355 0.006587422 0.011660079 52.679737091
0.008176562 0.052331831 -0.998596251 68.651924133 -0.006235435 0.998612881 0.052281648 -1.792839050 0.999947131 0.005799197 0.008491532 52.691833496
0.006174353 0.052717809 -0.998590350 67.938537598 -0.005266125 0.998597324 0.052685603 -1.759059191 0.999967039 0.004933403 0.006443310 52.698879242
0.004230207 0.052592617 -0.998607039 67.214126587 -0.004558360 0.998606741 0.052573279 -1.726573586 0.999980688 0.004329615 0.004464049 52.699069977
0.002898117 0.053069338 -0.998586535 66.481597900 -0.005623846 0.998575866 0.053052440 -1.696172237 0.999980032 0.005462145 0.003192443 52.697937012
0.001861221 0.053895202 -0.998544872 65.724563599 -0.005029272 0.998534381 0.053885262 -1.649692774 0.999985635 0.004921661 0.002129547 52.705741882
0.000693044 0.055087179 -0.998481274 64.970275879 -0.005355687 0.998467326 0.055082690 -1.610318899 0.999985397 0.005309379 0.000987012 52.706371307
-0.000111285 0.056276642 -0.998415232 64.204902649 -0.006523694 0.998393893 0.056276172 -1.574383259 0.999978721 0.006519619 0.000256025 52.708354950
-0.000438761 0.056869794 -0.998381495 63.457839966 -0.005936149 0.998363853 0.056871399 -1.541183710 0.999982297 0.005951494 -0.000100456 52.701084137
-0.001119486 0.056714904 -0.998389781 62.685409546 -0.007539662 0.998361528 0.056721754 -1.503173351 0.999970973 0.007591020 -0.000690040 52.692237854
-0.001782563 0.056043487 -0.998426795 61.910007477 -0.007657653 0.998398304 0.056055561 -1.467241764 0.999969125 0.007745528 -0.001350546 52.698341370
-0.002177306 0.055642422 -0.998448372 61.136768341 -0.009396682 0.998405516 0.055660535 -1.422367334 0.999953508 0.009503292 -0.001650979 52.697036743
-0.001222871 0.054739717 -0.998499930 60.347854614 -0.010466518 0.998445272 0.054749545 -1.372640252 0.999944508 0.010517769 -0.000648036 52.686325073
-0.000755208 0.055150557 -0.998477876 59.549690247 -0.011231469 0.998414576 0.055155572 -1.339709520 0.999936640 0.011256027 -0.000134589 52.690448761
0.000070180 0.056058448 -0.998427510 58.738483429 -0.011911918 0.998356700 0.056053638 -1.302003503 0.999929070 0.011889252 0.000737828 52.692256927
0.001120171 0.057044595 -0.998371005 57.935176849 -0.011479576 0.998306513 0.057028044 -1.263275146 0.999933481 0.011396996 0.001773122 52.693901062
0.002226897 0.057708457 -0.998331010 57.117866516 -0.010430505 0.998280466 0.057682279 -1.224483013 0.999943137 0.010284645 0.002824996 52.698593140
0.002602312 0.058185119 -0.998302400 56.306224823 -0.008825154 0.998268187 0.058160126 -1.188366890 0.999957681 0.008658821 0.003111298 52.700462341
0.002435131 0.057723846 -0.998329580 55.482639313 -0.007238724 0.998307407 0.057704911 -1.143365145 0.999970913 0.007086113 0.002848856 52.708808899
0.003141773 0.057594325 -0.998335123 54.652721405 -0.006009619 0.998323023 0.057574723 -1.105353355 0.999976993 0.005818726 0.003482625 52.712154388
0.003085484 0.057285525 -0.998353064 53.816879272 -0.004901296 0.998346567 0.057270013 -1.062862635 0.999983251 0.004716518 0.003361156 52.717243195
0.002952176 0.057630081 -0.998333573 52.984703064 -0.004077057 0.998330355 0.057617843 -1.024477720 0.999987304 0.003900166 0.003182207 52.725658417
0.002537254 0.058585428 -0.998279214 52.138736725 -0.003602931 0.998276472 0.058576111 -0.985404968 0.999990284 0.003448108 0.002743960 52.730121613
0.002620581 0.059334576 -0.998234808 51.302299500 -0.001806446 0.998236775 0.059329964 -0.944095135 0.999994934 0.001647778 0.002723146 52.737293243
0.002448944 0.060507409 -0.998164773 50.453971863 -0.001988156 0.998166084 0.060502607 -0.902725458 0.999994993 0.001836340 0.002564751 52.739593506
0.002475781 0.060805239 -0.998146594 49.622589111 -0.002207906 0.998147547 0.060799822 -0.860339880 0.999994516 0.002053287 0.002605447 52.742347717
0.001729154 0.061119232 -0.998128951 48.775993347 -0.002421565 0.998127759 0.061114971 -0.817938328 0.999995589 0.002311357 0.001873921 52.741741180
0.001059472 0.060789958 -0.998149991 47.936183929 -0.002347757 0.998147964 0.060787346 -0.778698683 0.999996603 0.002279011 0.001200230 52.747436523
0.000473018 0.060480695 -0.998169184 47.090351105 -0.003221108 0.998164296 0.060478859 -0.728646278 0.999994636 0.003186603 0.000666965 52.745540619
-0.000323597 0.060871720 -0.998145521 46.258598328 -0.003824910 0.998138368 0.060872506 -0.690201998 0.999992609 0.003837515 -0.000090166 52.747901917
-0.000854471 0.061227094 -0.998123586 45.427848816 -0.004099615 0.998115242 0.061230108 -0.647216082 0.999991238 0.004144241 -0.000601853 52.746665955
-0.001732857 0.061147645 -0.998127162 44.608772278 -0.003912458 0.998120725 0.061154034 -0.603953123 0.999990880 0.004011102 -0.001490363 52.745876312
-0.001770842 0.061022557 -0.998134792 43.765502930 -0.004672392 0.998124957 0.061030246 -0.561841011 0.999987543 0.004771751 -0.001482400 52.743968964
-0.001795031 0.060841385 -0.998145819 42.936111450 -0.004963580 0.998134494 0.060849629 -0.521031141 0.999986112 0.005063604 -0.001489692 52.743976593
-0.001710126 0.060407910 -0.998172283 42.111152649 -0.004586803 0.998162806 0.060415197 -0.483603001 0.999988019 0.004681736 -0.001429905 52.748188019
-0.001909837 0.060727347 -0.998152494 41.295276642 -0.004187645 0.998145103 0.060734909 -0.450358152 0.999989390 0.004295903 -0.001651990 52.761878967
-0.000613984 0.060817588 -0.998148680 40.509605408 -0.003366165 0.998143137 0.060819317 -0.411165953 0.999994159 0.003397275 -0.000408122 52.759151459
-0.000561816 0.061209146 -0.998124778 39.700447083 -0.002244180 0.998122394 0.061210260 -0.377522945 0.999997377 0.002274361 -0.000423397 52.772315979
0.000354600 0.059963819 -0.998200417 38.905067444 -0.001579732 0.998199403 0.059963185 -0.337834358 0.999998689 0.001555627 0.000448688 52.766353607
0.001476637 0.057663620 -0.998334885 38.109672546 -0.000914524 0.998335719 0.057662312 -0.293012142 0.999998510 0.000827855 0.001526914 52.766082764
0.000347485 0.057302266 -0.998356819 37.301227570 -0.001174071 0.998356283 0.057301816 -0.257486939 0.999999285 0.001152230 0.000414190 52.789318085
0.002155593 0.056772165 -0.998384953 36.486709595 -0.001486008 0.998386323 0.056769036 -0.213634133 0.999996543 0.001361237 0.002236478 52.771957397
0.002684022 0.057715673 -0.998329520 35.689624786 -0.001858813 0.998331606 0.057710800 -0.175013423 0.999994636 0.001700810 0.002786827 52.778060913
0.003035660 0.058652729 -0.998273909 34.889251709 -0.001142310 0.998277962 0.058649503 -0.129428267 0.999994755 0.000962298 0.003097433 52.780082703
0.003299287 0.060352042 -0.998171687 34.100852966 -0.000905893 0.998176932 0.060349356 -0.101716876 0.999994099 0.000705127 0.003347945 52.783264160
0.002437909 0.060472492 -0.998166859 33.315311432 0.000277220 0.998169720 0.060473349 -0.060427904 0.999996960 -0.000424141 0.002416682 52.790493011
0.001013188 0.060031597 -0.998195946 32.526115417 0.000247784 0.998196423 0.060031880 -0.021195650 0.999999404 -0.000308160 0.000996486 52.795036316
0.000639318 0.059528690 -0.998226345 31.737506866 0.000798419 0.998226285 0.059529185 0.020801783 0.999999464 -0.000835061 0.000590655 52.793071747
-0.000631424 0.058777776 -0.998270810 30.972314835 0.001621873 0.998269856 0.058776692 0.058643460 0.999998510 -0.001581955 -0.000725662 52.785507202
-0.001933464 0.058246151 -0.998300314 30.202489853 0.001529068 0.998301268 0.058243245 0.093952894 0.999996960 -0.001413858 -0.002019241 52.782947540
-0.004711698 0.057859678 -0.998313546 29.424915314 0.001313710 0.998324215 0.057854094 0.135395288 0.999988139 -0.001038903 -0.004779814 52.785709381
-0.005462550 0.058006734 -0.998301268 28.671083450 -0.000101639 0.998316050 0.058008157 0.167602181 0.999985099 0.000418338 -0.005447455 52.785659790
-0.005484633 0.058882248 -0.998249888 27.909084320 -0.002630429 0.998260558 0.058897335 0.199953675 0.999981523 0.002948856 -0.005320207 52.778774261
-0.005373483 0.060403649 -0.998159647 27.149829865 -0.003360076 0.998167217 0.060422204 0.235423446 0.999979913 0.003678569 -0.005160674 52.777091980
-0.003930954 0.061791841 -0.998081326 26.395183563 -0.006369700 0.998067200 0.061816059 0.280560970 0.999971926 0.006600473 -0.003529761 52.770870209
-0.002006257 0.063491344 -0.997980297 25.644340515 -0.007727114 0.997951627 0.063505061 0.315501094 0.999968112 0.007838917 -0.001511543 52.766490936
-0.000812734 0.064114779 -0.997942328 24.903982162 -0.006307411 0.997922361 0.064118654 0.349005461 0.999979734 0.006346543 -0.000406647 52.784557343
0.000985950 0.064116172 -0.997942030 24.160322189 -0.005712698 0.997926533 0.064109549 0.386657357 0.999983132 0.005637733 0.001350182 52.792591095
0.002787210 0.063227862 -0.997995257 23.410520554 -0.004040707 0.997991681 0.063216358 0.427097917 0.999987960 0.003856409 0.003037097 52.803970337
0.004704039 0.062489267 -0.998034537 22.673175812 -0.003109748 0.998041689 0.062475055 0.469986558 0.999984026 0.002809750 0.004889152 52.813453674
0.005922800 0.062880285 -0.998003483 21.933839798 -0.003350925 0.998016596 0.062861219 0.503834248 0.999976754 0.002971920 0.006121760 52.820114136
0.007549062 0.062748939 -0.998000801 21.204210281 -0.002545945 0.998027146 0.062731348 0.540920019 0.999968290 0.002067293 0.007693926 52.829868317
0.009746812 0.063006297 -0.997965574 20.466047287 -0.002389095 0.998011529 0.062985860 0.580207109 0.999949694 0.001770323 0.009877961 52.831230164
0.010350296 0.062256295 -0.998006463 19.734333038 -0.001803994 0.998059511 0.062240884 0.621799350 0.999944806 0.001156186 0.010442522 52.850467682
0.012328348 0.061608583 -0.998024166 19.007940292 -0.002305141 0.998099148 0.061584737 0.650740743 0.999921262 0.001541348 0.012446931 52.855045319
0.013715575 0.060312897 -0.998085201 18.293739319 -0.002089320 0.998178780 0.060289830 0.687692642 0.999903738 0.001258410 0.013816606 52.862674713
0.014000913 0.059745513 -0.998115420 17.573354721 -0.001085792 0.998213649 0.059736159 0.720783234 0.999901295 0.000247385 0.014040772 52.880798340
0.013761394 0.059430119 -0.998137534 16.861387253 0.000667303 0.998231351 0.059444889 0.762972414 0.999905050 -0.001484105 0.013697397 52.900821686
0.013929050 0.059851594 -0.998110056 16.157690048 0.001645333 0.998204172 0.059880197 0.800799429 0.999901593 -0.002476299 0.013805564 52.919296265
0.014885106 0.060807325 -0.998038530 15.449283600 0.001577928 0.998146296 0.060837429 0.831440806 0.999888003 -0.002480404 0.014761566 52.926254272
0.015047734 0.061716259 -0.997980177 14.735193253 0.002222465 0.998088777 0.061756473 0.867350161 0.999884248 -0.003147272 0.014881812 52.947772980
0.015503039 0.062888868 -0.997900128 14.044490814 0.003964350 0.998008370 0.062957279 0.898917019 0.999871969 -0.004932054 0.015222848 52.965675354
0.017084785 0.063998982 -0.997803748 13.353998184 0.004094493 0.997936606 0.064077608 0.937955320 0.999845684 -0.005180252 0.016787486 52.981353760
0.019094419 0.064664170 -0.997724414 12.665859222 0.003930137 0.997893870 0.064750358 0.972262323 0.999809980 -0.005157564 0.018800063 52.996623993
0.021501100 0.064632386 -0.997677565 12.007755280 0.004370995 0.997892559 0.064740509 1.004356146 0.999759197 -0.005752835 0.021173280 53.022422791
0.025625568 0.063667364 -0.997642159 11.349138260 0.002848390 0.997961164 0.063760899 1.033255339 0.999667466 -0.004475583 0.025391970 53.029651642
0.028362678 0.061689794 -0.997692287 10.661052704 0.004663752 0.998074830 0.061846025 1.073249102 0.999586821 -0.006407109 0.028020367 53.051914215
0.031456787 0.060854953 -0.997650802 10.037592888 0.004798436 0.998124123 0.061035123 1.102578402 0.999493599 -0.006707131 0.031105764 53.078399658
0.035155173 0.060787607 -0.997531474 9.433076859 0.004678082 0.998127520 0.060988791 1.127051115 0.999370933 -0.006810606 0.034804974 53.097801208
0.037995681 0.061009072 -0.997413695 8.841005325 0.004827877 0.998111725 0.061235670 1.159393311 0.999266148 -0.007142082 0.037629396 53.118160248
0.039971933 0.061618615 -0.997299016 8.268094063 0.004004618 0.998078823 0.061827302 1.188706279 0.999192715 -0.006465159 0.039648376 53.147548676
0.041051537 0.062594160 -0.997194350 7.726787567 0.007556528 0.997987866 0.062955037 1.212054491 0.999128401 -0.010119731 0.040495928 53.189155579
0.041359719 0.062815174 -0.997167766 7.188751221 0.008904904 0.997958958 0.063234359 1.236461639 0.999104619 -0.011495040 0.040715937 53.220378876
0.042587422 0.063548118 -0.997069657 6.658074379 0.009050314 0.997909665 0.063988224 1.258917570 0.999051690 -0.011748889 0.041923270 53.246391296
0.043712541 0.062561080 -0.997083366 6.170990944 0.010214776 0.997957170 0.063063733 1.284817815 0.998991966 -0.012941659 0.042984203 53.277061462
0.044552732 0.061807647 -0.997093141 5.663943291 0.012436223 0.997972548 0.062417842 1.309901714 0.998929560 -0.015180958 0.043693762 53.300647736
0.044309512 0.061098516 -0.997147739 5.190528870 0.014621944 0.997981429 0.061799351 1.330564022 0.998910785 -0.017318539 0.043326695 53.328334808
0.042502999 0.060291249 -0.997275472 4.717896461 0.017048610 0.997988343 0.061060946 1.353294969 0.998950779 -0.019597435 0.041389622 53.358032227
0.038761776 0.059852600 -0.997454345 4.290981293 0.019196769 0.997975707 0.060629886 1.364877462 0.999064028 -0.021498023 0.037534334 53.382640839
0.031520337 0.058681197 -0.997779012 3.847108364 0.021813652 0.997996926 0.059383113 1.395472050 0.999265015 -0.023636980 0.030177154 53.385746002
0.019945512 0.059312556 -0.998040199 3.441123009 0.024658449 0.997905910 0.059797373 1.406546593 0.999496937 -0.025802812 0.018441195 53.392822266
0.004950628 0.059223436 -0.998232484 3.065618992 0.025997441 0.997899711 0.059332620 1.421268225 0.999649763 -0.026245223 0.003400572 53.387760162
-0.014035106 0.059504863 -0.998129368 2.706399441 0.026379924 0.997902274 0.059120391 1.437916279 0.999553502 -0.025500810 -0.015575390 53.380321503
-0.034113757 0.060923807 -0.997559309 2.349768639 0.026158556 0.997852683 0.060047172 1.449375868 0.999075711 -0.024046274 -0.035634194 53.327487946
-0.060323857 0.060963977 -0.996315420 2.027840614 0.028321471 0.997835875 0.059342228 1.464491248 0.997776985 -0.024637368 -0.061919902 53.293273926
-0.093016334 0.060055181 -0.993851781 1.721556664 0.031408451 0.997859418 0.057357784 1.473642468 0.995169103 -0.025880134 -0.094703466 53.243782043
-0.130437776 0.057905283 -0.989764035 1.423202515 0.031976480 0.998019397 0.054174177 1.490182638 0.990940750 -0.024582811 -0.132031024 53.173618317
-0.170848235 0.057864971 -0.983596683 1.138044357 0.030218707 0.998112142 0.053469989 1.495453715 0.984833956 -0.020587768 -0.172274306 53.085086823
-0.215009794 0.058200020 -0.974876106 0.865742683 0.027902536 0.998181283 0.053437401 1.506712437 0.976213217 -0.015711954 -0.216242671 52.983432770
-0.262029618 0.057886515 -0.963322222 0.592679977 0.025670972 0.998264313 0.053003538 1.520183802 0.964718342 -0.010840922 -0.263060808 52.859878540
-0.310404271 0.057151441 -0.948885083 0.350429535 0.025063310 0.998336196 0.051931031 1.530973196 0.950274169 -0.007662589 -0.311320215 52.734840393
-0.361058056 0.056995958 -0.930799901 0.132949829 0.025958017 0.998357952 0.051063631 1.539051175 0.932182014 -0.005724781 -0.361944735 52.603340149
-0.412946969 0.055729199 -0.909048438 -0.097064972 0.023407873 0.998445809 0.050576381 1.542904139 0.910454273 -0.000393532 -0.413609624 52.448097229
-0.463799000 0.053401481 -0.884329557 -0.317419052 0.023136612 0.998571336 0.048165809 1.561484933 0.885638356 0.001878869 -0.464371920 52.269409180
-0.515371561 0.051077519 -0.855443299 -0.529859543 0.020895854 0.998674393 0.047040738 1.575326324 0.856712043 0.006368242 -0.515755653 52.088005066
-0.565912366 0.049144857 -0.822999358 -0.718688965 0.019457905 0.998740017 0.046259400 1.579565406 0.824235797 0.010164922 -0.566155493 51.899047852
-0.614979029 0.047026154 -0.787140012 -0.893218994 0.018199075 0.998800695 0.045452796 1.583894014 0.788333416 0.013627297 -0.615097284 51.699005127
-0.662092686 0.047323048 -0.747926354 -1.071607590 0.022230849 0.998805344 0.043517157 1.598550797 0.749092221 0.012185357 -0.662353754 51.480907440
-0.708535433 0.052764107 -0.703699768 -1.247331619 0.031001136 0.998565435 0.043659251 1.612262011 0.704993904 0.009118634 -0.709154725 51.253108978
-0.751813293 0.056156181 -0.656980395 -1.406572342 0.036674462 0.998385727 0.043369912 1.630393267 0.658355355 0.008511674 -0.752659082 51.003936768
-0.792864263 0.058188338 -0.606613696 -1.555088043 0.038446199 0.998224139 0.045502398 1.641387701 0.608184099 0.012755237 -0.793693483 50.739334106
-0.831727326 0.057450358 -0.552203774 -1.678842545 0.037997998 0.998189807 0.046617553 1.656376719 0.553882360 0.017790454 -0.832404733 50.458042145
-0.867161870 0.058412638 -0.494588941 -1.782287598 0.039876986 0.998053014 0.047957208 1.662161827 0.496427298 0.021863945 -0.867802858 50.173133850
-0.898212850 0.058141049 -0.435698479 -1.876255035 0.041543674 0.998005390 0.047532901 1.668068886 0.437593043 0.024594149 -0.898836672 49.880031586
-0.923827350 0.057320412 -0.378493488 -1.961717606 0.043696724 0.998053610 0.044493772 1.683946609 0.380307257 0.024565637 -0.924533904 49.553955078
-0.944849074 0.056796554 -0.322543502 -2.029698372 0.045631051 0.998071730 0.042079832 1.690071821 0.324311435 0.025041088 -0.945618868 49.213596344
-0.961664438 0.054734666 -0.268711001 -2.093822479 0.046012521 0.998192668 0.038655419 1.700311422 0.270341188 0.024809474 -0.962444842 48.860057831
-0.974307299 0.051784549 -0.219188541 -2.130906105 0.045024771 0.998346746 0.035727121 1.709943056 0.220676303 0.024940275 -0.975028217 48.495235443
-0.983175218 0.050948832 -0.175415725 -2.161487579 0.046187636 0.998447835 0.031121533 1.720962524 0.176729068 0.022495881 -0.984002531 48.116905212
-0.989010632 0.051965561 -0.138410971 -2.188800812 0.048713833 0.998453796 0.026780404 1.730473638 0.139588594 0.019743575 -0.990012765 47.724372864
-0.992871821 0.052549735 -0.106976226 -2.222002029 0.050359745 0.998464584 0.023073046 1.736853123 0.108024433 0.017521277 -0.993993878 47.323917389
-0.995288134 0.051595617 -0.082093969 -2.244897842 0.050003462 0.998521149 0.021334786 1.743664503 0.083073407 0.017129276 -0.996396244 46.906810760
-0.996842802 0.049742736 -0.061887041 -2.268286228 0.048531312 0.998602390 0.020927178 1.755029678 0.062841550 0.017857652 -0.997863710 46.461112976
-0.997791648 0.047966033 -0.045945156 -2.290158749 0.046999194 0.998654902 0.021897914 1.753699422 0.046933707 0.019690171 -0.998703897 45.993614197
-0.998228788 0.048699420 -0.034171488 -2.300815582 0.047956411 0.998601913 0.022236859 1.756988049 0.035206635 0.020558730 -0.999168515 45.512111664
-0.998432398 0.050016027 -0.025120324 -2.310431719 0.049469333 0.998534799 0.021932600 1.768711448 0.026180504 0.020655533 -0.999443769 45.019248962
-0.998578966 0.049928024 -0.018637558 -2.315580368 0.049517948 0.998534203 0.021851737 1.778148174 0.019701257 0.020897789 -0.999587417 44.505882263
-0.998634815 0.050244931 -0.014277920 -2.323478460 0.049943723 0.998537004 0.020723319 1.787764668 0.015298270 0.019981934 -0.999683261 43.979660034
-0.998702168 0.049402479 -0.012388598 -2.325544834 0.049153358 0.998597503 0.019666318 1.797460914 0.013342788 0.019031851 -0.999729872 43.439521790
-0.998748779 0.048429497 -0.012467517 -2.328257084 0.048178878 0.998645008 0.019672731 1.803870797 0.013403364 0.019047448 -0.999728680 42.884353638
-0.998695433 0.049435776 -0.012789479 -2.340076447 0.049173500 0.998588562 0.020067560 1.810758352 0.013763484 0.019412477 -0.999716818 42.316196442
-0.998550713 0.052038997 -0.013720227 -2.353549480 0.051765501 0.998467088 0.019588256 1.822458267 0.014718549 0.018849635 -0.999713898 41.732795715
-0.998516858 0.052724201 -0.013574423 -2.368215561 0.052446570 0.998422325 0.020054853 1.833179116 0.014610385 0.019313179 -0.999706626 41.135684967
-0.998487234 0.053300176 -0.013495562 -2.376776695 0.053005580 0.998366654 0.021319488 1.842180133 0.014609849 0.020571901 -0.999681652 40.525897980
-0.998421907 0.054810144 -0.012226892 -2.387556076 0.054527927 0.998262465 0.022331204 1.849471688 0.013429623 0.021629257 -0.999675810 39.902214050
-0.998338640 0.056741584 -0.010016808 -2.386518002 0.056489795 0.998118460 0.023847044 1.860336781 0.011351079 0.023241578 -0.999665439 39.253971100
-0.998390377 0.056458816 -0.005388291 -2.408756495 0.056300055 0.998072982 0.026088234 1.874203563 0.006850818 0.025742881 -0.999645114 38.607223511
-0.998342991 0.057516754 -0.001764470 -2.412738800 0.057447273 0.997974813 0.027312724 1.888541341 0.003331835 0.027166102 -0.999625325 37.971889496
-0.998326719 0.057802889 0.001626793 -2.410297871 0.057825774 0.997941256 0.027739204 1.898100972 -0.000020037 0.027786860 -0.999613822 37.342281342
-0.998282135 0.058324941 0.005572563 -2.408883572 0.058455825 0.997917771 0.027259313 1.910174370 -0.003971062 0.027538233 -0.999612868 36.702663422
-0.998216093 0.058896575 0.009784414 -2.408412695 0.059135307 0.997905374 0.026225667 1.919754982 -0.008219318 0.026757490 -0.999608159 36.072166443
-0.998104334 0.059752226 0.014742887 -2.402179241 0.060102873 0.997888625 0.024613870 1.931998968 -0.013241024 0.025453303 -0.999588311 35.457183838
-0.998054326 0.059297360 0.019268565 -2.387381792 0.059751417 0.997926831 0.023911385 1.942312717 -0.017810738 0.025016185 -0.999528289 34.835708618
-0.997946203 0.059712626 0.023186367 -2.372096539 0.060256846 0.997905612 0.023528080 1.952546120 -0.021732882 0.024876898 -0.999454319 34.217174530
-0.997955143 0.058581389 0.025566479 -2.348215103 0.059181090 0.997973800 0.023365708 1.956801414 -0.024145879 0.024830982 -0.999400020 33.587215424
-0.997862220 0.058825340 0.028468868 -2.343866825 0.059505872 0.997947037 0.023677777 1.963225961 -0.027017571 0.025321223 -0.999314249 32.974151611
-0.997686327 0.060554117 0.030906087 -2.328697205 0.061318461 0.997819662 0.024412801 1.973315358 -0.029360406 0.026251433 -0.999224126 32.352443695
-0.997583568 0.061216388 0.032856099 -2.311438799 0.062027261 0.997779727 0.024254493 1.981459737 -0.031298380 0.026233865 -0.999165714 31.744804382
-0.997483790 0.061655562 0.034994803 -2.293920755 0.062519312 0.997751534 0.024148595 1.984791994 -0.033427224 0.026275687 -0.999095678 31.147962570
-0.997457981 0.061229184 0.036452182 -2.269651651 0.062117752 0.997785866 0.023763580 1.986981273 -0.034916449 0.025967501 -0.999052882 30.551647186
-0.997432292 0.061000556 0.037523080 -2.245353699 0.061903901 0.997807741 0.023401752 1.996149778 -0.036013313 0.025664488 -0.999021649 29.970285416
-0.997351885 0.061578888 0.038692717 -2.235777378 0.062537432 0.997752428 0.024070973 2.001630545 -0.037123490 0.026426978 -0.998961210 29.393947601
-0.997374117 0.061246790 0.038648922 -2.214660168 0.062198751 0.997776926 0.023928059 2.008652687 -0.037097488 0.026269142 -0.998966336 28.832664490
-0.997398138 0.060662225 0.038949780 -2.195890665 0.061627366 0.997808814 0.024075346 2.011562347 -0.037403975 0.026413077 -0.998951077 28.271814346
-0.997455657 0.059477735 0.039302047 -2.177641392 0.060444511 0.997885704 0.023885285 2.017656565 -0.037798315 0.026200103 -0.998941898 27.725376129
-0.997521937 0.058383629 0.039259780 -2.155568123 0.059390526 0.997921944 0.024988528 2.017477989 -0.037719283 0.027258266 -0.998916566 27.176563263
-0.997545123 0.058331847 0.038744334 -2.129880667 0.059273113 0.997962654 0.023606023 2.031354666 -0.037288424 0.025844574 -0.998970270 26.634119034
-0.997479975 0.059608586 0.038475875 -2.120644093 0.060473170 0.997933686 0.021711346 2.033114910 -0.037102196 0.023983389 -0.999023557 26.109600067
-0.997516513 0.059630249 0.037481770 -2.105610609 0.060437582 0.997955441 0.020787748 2.036293507 -0.036165562 0.023001431 -0.999080956 25.590248108
-0.997636139 0.058864310 0.035456255 -2.088026047 0.059661169 0.997979522 0.021851191 2.043321133 -0.034098361 0.023914894 -0.999132335 25.077711105
-0.997899175 0.055403017 0.033582613 -2.069884539 0.056266613 0.998094141 0.025339818 2.052281857 -0.032114707 0.027176159 -0.999114633 24.581829071
-0.998113692 0.052164312 0.032368571 -2.054700613 0.053095106 0.998179972 0.028595528 2.063139439 -0.030817989 0.030260205 -0.999066830 24.090829849
-0.998125017 0.052220128 0.031927284 -2.042764425 0.053250894 0.998057604 0.032334901 2.068139553 -0.030176727 0.033974431 -0.998967052 23.612638474
-0.998005390 0.054269299 0.032250427 -2.035407543 0.055417988 0.997819126 0.035860427 2.071583033 -0.030233970 0.037576150 -0.998836279 23.149505615
-0.997983813 0.054228354 0.032979153 -2.024580002 0.055452902 0.997759700 0.037424531 2.076858759 -0.030875802 0.039177876 -0.998755038 22.706777573
-0.998160243 0.050838519 0.033040158 -2.007704735 0.052033518 0.997982681 0.036374740 2.085610867 -0.031124271 0.038027018 -0.998791814 22.276601791
-0.998396575 0.046754431 0.031911753 -1.988848686 0.047854852 0.998253524 0.034637377 2.095300198 -0.030236566 0.036108967 -0.998890340 21.864912033
-0.998455346 0.045441747 0.031968590 -1.972208858 0.046534516 0.998327196 0.034311924 2.108247042 -0.030355919 0.035746567 -0.998899758 21.453432083
-0.998380005 0.047213722 0.031753834 -1.964526415 0.048335183 0.998199105 0.035529308 2.120018959 -0.030019175 0.037006576 -0.998864055 21.059200287
-0.998375654 0.047479544 0.031494785 -1.954365134 0.048638668 0.998126507 0.037119493 2.127619505 -0.029673358 0.038591057 -0.998814464 20.670143127
-0.998339415 0.048288263 0.031410512 -1.946285248 0.049452838 0.998075187 0.037420496 2.134745121 -0.029543079 0.038911693 -0.998805761 20.293045044
-0.998353660 0.047609635 0.031988844 -1.935963392 0.048794106 0.998111188 0.037327558 2.141744614 -0.030151268 0.038826972 -0.998790860 19.916334152
-0.998364449 0.046713483 0.032958932 -1.920573473 0.047958314 0.998124361 0.038047627 2.149088860 -0.031119775 0.039566051 -0.998732269 19.538105011
-0.998283923 0.047450297 0.034316201 -1.912119150 0.048766766 0.998063982 0.038601160 2.157046556 -0.032418128 0.040208414 -0.998665333 19.168891907
-0.998208702 0.048586201 0.034911379 -1.903425217 0.049909737 0.998026907 0.038096655 2.168166161 -0.032991525 0.039770842 -0.998663962 18.788900375
-0.998199880 0.048454706 0.035344824 -1.896434307 0.049782723 0.998047829 0.037714098 2.177155256 -0.033448398 0.039405771 -0.998663306 18.424755096
-0.998240232 0.047625359 0.035331924 -1.879956484 0.048932303 0.998112977 0.037096966 2.188710690 -0.033498488 0.038760550 -0.998686910 18.051227570
-0.998176455 0.048772678 0.035566736 -1.871949077 0.050020743 0.998131573 0.035088390 2.194964170 -0.033788927 0.036803484 -0.998751104 17.690784454
-0.998109221 0.050191056 0.035481542 -1.858859539 0.051384173 0.998115063 0.033554200 2.207818747 -0.033730544 0.035313942 -0.998806834 17.310752869
-0.998112440 0.050121818 0.035484243 -1.854083300 0.051328931 0.998104036 0.033966355 2.213205338 -0.033714507 0.035723623 -0.998792827 16.933296204
-0.998147011 0.049939122 0.034762908 -1.844857216 0.051120207 0.998115003 0.033958539 2.222540617 -0.033001516 0.035672706 -0.998818457 16.564651489
-0.998174429 0.050569117 0.033021335 -1.835448265 0.051657170 0.998120368 0.032972794 2.235849857 -0.031291857 0.034618393 -0.998910606 16.186317444
-0.998156309 0.052202597 0.030965200 -1.829961896 0.053122319 0.998147368 0.029662177 2.243306637 -0.029359398 0.031252436 -0.999080241 15.804308891
-0.998234689 0.051713303 0.029212685 -1.820539713 0.052415408 0.998341680 0.023802221 2.246429443 -0.027933348 0.025291402 -0.999289751 15.418387413
-0.998285711 0.051316667 0.028146690 -1.812454224 0.051956676 0.998395920 0.022498600 2.251481533 -0.026946984 0.023922440 -0.999350607 15.024483681
-0.998325527 0.050950062 0.027391020 -1.796761394 0.051599480 0.998390138 0.023549473 2.260015249 -0.026147075 0.024923399 -0.999347448 14.623947144
-0.998347759 0.050974287 0.026520660 -1.785579205 0.051615227 0.998376906 0.024071530 2.273137569 -0.025250582 0.025400631 -0.999358475 14.214917183
-0.998326063 0.051339936 0.026633807 -1.779397964 0.051960133 0.998380899 0.023141120 2.281825542 -0.025402628 0.024486277 -0.999377370 13.794900894
-0.998273075 0.052450165 0.026453534 -1.778932452 0.053047322 0.998340666 0.022400988 2.289999247 -0.025234703 0.023765592 -0.999399006 13.374361038
-0.998241484 0.052918468 0.026713509 -1.775845885 0.053577989 0.998260379 0.024607699 2.302106619 -0.025364837 0.025995683 -0.999340177 12.950303078
-0.998415411 0.050018389 0.025782436 -1.757573128 0.050740816 0.998314500 0.028171718 2.296826124 -0.024329873 0.029435301 -0.999270558 12.523528099
-0.998473763 0.049172975 0.025138907 -1.743657708 0.049832001 0.998411357 0.026297795 2.306063175 -0.023805825 0.027510386 -0.999337971 12.096502304
-0.998435438 0.049841899 0.025344130 -1.740079284 0.050444439 0.998445213 0.023718515 2.315389633 -0.024122547 0.024959879 -0.999397397 11.661812782
-0.998373151 0.051320925 0.024843320 -1.736109376 0.051860224 0.998421252 0.021573450 2.324570179 -0.023696933 0.022826735 -0.999458492 11.229422569
-0.998423517 0.050441962 0.024619630 -1.729703307 0.050950289 0.998491287 0.020475693 2.329469204 -0.023549652 0.021697791 -0.999487162 10.780463219
-0.998487711 0.049591806 0.023724049 -1.714017391 0.050077006 0.998538733 0.020314472 2.334616899 -0.022681952 0.021471784 -0.999512136 10.323065758
-0.998579025 0.048017841 0.023111522 -1.707512140 0.048488554 0.998618305 0.020256829 2.343049049 -0.022106897 0.021348689 -0.999527633 9.860054016
-0.998641968 0.047743887 0.020850003 -1.695658803 0.048174646 0.998625159 0.020670997 2.349208117 -0.019834416 0.021647364 -0.999568880 9.381050110
-0.998633981 0.048215609 0.020135347 -1.692663312 0.048643675 0.998588324 0.021339981 2.359508991 -0.019077998 0.022290284 -0.999569476 8.914219856
-0.998666942 0.047943305 0.019129308 -1.688520074 0.048355885 0.998593986 0.021721425 2.363705635 -0.018061018 0.022617478 -0.999581039 8.448080063
-0.998643935 0.049091179 0.017329786 -1.679649830 0.049470168 0.998529673 0.022163784 2.369223595 -0.016216256 0.022991037 -0.999604106 7.972177029
-0.998573184 0.050916351 0.016095698 -1.677535057 0.051262949 0.998444855 0.021909256 2.374135494 -0.014955124 0.022703107 -0.999630392 7.502834320
-0.998614371 0.050537538 0.014673536 -1.669955492 0.050856099 0.998458922 0.022215851 2.377842903 -0.013528187 0.022931306 -0.999645412 7.028899193
-0.998649180 0.050142933 0.013614953 -1.671661854 0.050443541 0.998468578 0.022715116 2.388659716 -0.012455101 0.023371216 -0.999649286 6.565104485
-0.998696685 0.049373332 0.012929018 -1.670138597 0.049666401 0.998491168 0.023422500 2.397019863 -0.011753063 0.024034107 -0.999642074 6.096971989
-0.998701274 0.049637217 0.011482229 -1.662758112 0.049900621 0.998467684 0.023919839 2.405451298 -0.010277322 0.024461742 -0.999647975 5.632040501
-0.998652518 0.050803289 0.010591054 -1.662652493 0.051047441 0.998402536 0.024221005 2.408812523 -0.009343628 0.024729015 -0.999650598 5.173643589
-0.998567939 0.052683692 0.009300083 -1.662242174 0.052904341 0.998278260 0.025332117 2.408957481 -0.007949481 0.025787856 -0.999635875 4.710825920
-0.998450637 0.055157360 0.007349388 -1.671545982 0.055324201 0.998158991 0.024855707 2.417072058 -0.005964881 0.025223797 -0.999664009 4.256771564
-0.998453975 0.055279501 0.005830603 -1.670803308 0.055403162 0.998181224 0.023760505 2.423359394 -0.004506529 0.024046801 -0.999700606 3.809832096
-0.998526990 0.054063905 0.004588346 -1.672854185 0.054152545 0.998287916 0.022107407 2.427613735 -0.003385277 0.022323314 -0.999745011 3.361580849
-0.998682439 0.051265363 0.002266243 -1.667458415 0.051299732 0.998495221 0.019378688 2.435028553 -0.001269377 0.019469412 -0.999809623 2.912140369
-0.998645365 0.052031714 0.000475780 -1.672726750 0.052031498 0.998469830 0.018728022 2.442185402 0.000499399 0.018727407 -0.999824524 2.474858284
-0.998569608 0.053432718 -0.001928979 -1.674707532 0.053386115 0.998390257 0.019154867 2.444772482 0.002949370 0.019024486 -0.999814689 2.037444353
-0.998417616 0.056084044 -0.004100008 -1.686403036 0.055990655 0.998227835 0.020148890 2.447704315 0.005222773 0.019887444 -0.999788582 1.602705836
-0.998329282 0.057344168 -0.007086105 -1.695459008 0.057192333 0.998161972 0.020037556 2.451689959 0.008222117 0.019598806 -0.999774158 1.175681710
-0.998369634 0.055897065 -0.011557067 -1.706386328 0.055677924 0.998277605 0.018485608 2.458120823 0.012570451 0.017811995 -0.999762297 0.745222211
-0.998549163 0.050985340 -0.017320780 -1.708711982 0.050668754 0.998548687 0.018250063 2.457199097 0.018226132 0.017345965 -0.999683440 0.326012254
